37.7946 -122.39546 0 1211384605
37.79448 -122.39544 1 1211384563
37.79345 -122.39636 1 1211384503
37.79368 -122.39702 1 1211384454
37.7933 -122.39916 1 1211384393
37.79168 -122.40158 1 1211384329
37.79232 -122.40355 1 1211384268
37.79241 -122.40616 1 1211384220
37.79168 -122.40931 1 1211384148
37.79264 -122.41445 1 1211384043
37.79275 -122.41442 0 1211383982
37.79294 -122.41275 0 1211383921
37.792 -122.41018 0 1211383845
37.79216 -122.40725 0 1211383779
37.7924 -122.40405 0 1211383720
37.79286 -122.4031 0 1211383661
37.79462 -122.40062 0 1211383600
37.79535 -122.40025 0 1211383538
37.79771 -122.40081 0 1211383477
37.80027 -122.40139 0 1211383417
37.80314 -122.40223 0 1211383362
37.80212 -122.40293 0 1211383303
37.80213 -122.40294 1 1211383293
37.79825 -122.40216 1 1211383238
37.79609 -122.40486 1 1211383177
37.79463 -122.40469 1 1211383117
37.79192 -122.4042 1 1211383058
37.79132 -122.40422 1 1211383031
37.7888 -122.40371 1 1211382996
37.78874 -122.40484 1 1211382943
37.78942 -122.40708 1 1211382882
37.78952 -122.40694 0 1211382854
37.78948 -122.40689 0 1211382787
37.78957 -122.40691 0 1211382730
37.78976 -122.40688 0 1211382666
37.79004 -122.40694 0 1211382606
37.78938 -122.4067 0 1211382546
37.79001 -122.40403 0 1211382486
37.78735 -122.40318 0 1211382426
37.78697 -122.40172 0 1211382371
37.78708 -122.40167 1 1211382364
37.78762 -122.40093 1 1211382314
37.79082 -122.40248 1 1211382253
37.79069 -122.40541 1 1211382212
37.78958 -122.41292 1 1211382139
37.78897 -122.41774 1 1211382106
37.78886 -122.42219 1 1211382037
37.79291 -122.42296 1 1211381975
37.7948 -122.42377 1 1211381915
37.79452 -122.42593 1 1211381857
37.79442 -122.42588 0 1211381811
37.79461 -122.42528 0 1211381744
37.79322 -122.42459 0 1211381713
37.78908 -122.42376 0 1211381662
37.78769 -122.42355 0 1211381602
37.7837 -122.42267 0 1211381544
37.78144 -122.42228 0 1211381520
37.77763 -122.4214 0 1211381464
37.77754 -122.41875 0 1211381419
37.77613 -122.41453 0 1211381343
37.77633 -122.41156 0 1211381280
37.78144 -122.4038 0 1211381175
37.78472 -122.4007 0 1211381094
37.78471 -122.40069 1 1211381091
37.78578 -122.39959 1 1211381058
37.78931 -122.40257 1 1211380937
37.78834 -122.40825 1 1211380873
37.78735 -122.41657 1 1211380812
37.78678 -122.4202 1 1211380752
37.78656 -122.42499 1 1211380703
37.78724 -122.42582 1 1211380661
37.78724 -122.42585 0 1211380647
37.78724 -122.42589 0 1211380587
37.78722 -122.42588 0 1211380547
37.78709 -122.42582 0 1211380443
37.78699 -122.42619 0 1211380385
37.78585 -122.42308 0 1211380331
37.78568 -122.42243 0 1211380307
37.78613 -122.41734 0 1211380251
37.78677 -122.41295 0 1211380190
37.7876 -122.4083 0 1211380129
37.78763 -122.41175 0 1211380064
37.7875 -122.40622 0 1211380003
37.78758 -122.40334 0 1211379947
37.78608 -122.40183 0 1211379898
37.78481 -122.40006 0 1211379839
37.77967 -122.3937 0 1211379717
37.77699 -122.39513 0 1211379660
37.77471 -122.39801 0 1211379604
37.77159 -122.4013 0 1211379540
37.76973 -122.40301 0 1211379484
37.76741 -122.40279 0 1211379454
37.76354 -122.40245 0 1211379398
37.7609 -122.40217 0 1211379333
37.75694 -122.40182 0 1211379273
37.75193 -122.40135 0 1211379213
37.75112 -122.39752 0 1211379159
37.74984 -122.39594 0 1211379093
37.74986 -122.39594 0 1211379033
37.74996 -122.39535 0 1211378973
37.75184 -122.3949 0 1211378913
37.75146 -122.39473 0 1211378853
37.75146 -122.39473 0 1211378792
37.75146 -122.39474 0 1211378758
37.75146 -122.39475 0 1211378702
37.75146 -122.39474 0 1211378631
37.75147 -122.39471 0 1211378596
37.75146 -122.39473 0 1211378536
37.75146 -122.39473 0 1211378475
37.75146 -122.39473 0 1211378415
37.75147 -122.39473 0 1211378368
37.75147 -122.39473 0 1211378295
37.75147 -122.39473 0 1211378235
37.75146 -122.39472 0 1211378180
37.75146 -122.39472 0 1211378115
37.75145 -122.39472 0 1211378054
37.75145 -122.39473 0 1211377994
37.75146 -122.39473 0 1211377933
37.75146 -122.39472 0 1211377878
37.75147 -122.39473 0 1211377826
37.75147 -122.39473 0 1211377752
37.75147 -122.39473 0 1211377692
37.75147 -122.39473 0 1211377632
37.75147 -122.39473 0 1211377572
37.75145 -122.39473 0 1211377512
37.75145 -122.39473 0 1211377452
37.75146 -122.39473 0 1211377392
37.75146 -122.39472 0 1211377333
37.75146 -122.39472 0 1211377272
37.75146 -122.39471 0 1211377213
37.75145 -122.39471 0 1211377156
37.75145 -122.39471 0 1211377122
37.75146 -122.39472 0 1211377061
37.75145 -122.39472 0 1211377001
37.75146 -122.39472 0 1211376944
37.75147 -122.39471 0 1211376879
37.75147 -122.3947 0 1211376819
37.75147 -122.39471 0 1211376759
37.75146 -122.39471 0 1211376699
37.75146 -122.39475 0 1211376639
37.75146 -122.39474 0 1211376588
37.75145 -122.39473 0 1211376519
37.75145 -122.39473 0 1211376459
37.75145 -122.39471 0 1211376398
37.75147 -122.39471 0 1211376338
37.75145 -122.39471 0 1211376277
37.75145 -122.39472 0 1211376225
37.75145 -122.39471 0 1211376162
37.75145 -122.39471 0 1211376097
37.75144 -122.39471 0 1211376041
37.75144 -122.39472 0 1211375982
37.75146 -122.39471 0 1211375921
37.75143 -122.39473 0 1211375855
37.75142 -122.39473 0 1211375795
37.75145 -122.39471 0 1211375734
37.75146 -122.3947 0 1211375678
37.75145 -122.39472 0 1211375614
37.75146 -122.39472 0 1211375559
37.75144 -122.39472 0 1211375503
37.75144 -122.39473 0 1211375433
37.75144 -122.39473 0 1211375377
37.75144 -122.39472 0 1211375311
37.75144 -122.39473 0 1211375251
37.75144 -122.39472 0 1211375190
37.75144 -122.39472 0 1211375160
37.75144 -122.39473 0 1211375105
37.75144 -122.39473 0 1211375040
37.75144 -122.39473 0 1211374980
37.75144 -122.39472 0 1211374920
37.75144 -122.39473 0 1211374869
37.75144 -122.39473 0 1211374805
37.75144 -122.39473 0 1211374740
37.75144 -122.39473 0 1211374684
37.75144 -122.39473 0 1211374619
37.75143 -122.39472 0 1211374560
37.75144 -122.39473 0 1211374505
37.75145 -122.39473 0 1211374439
37.75128 -122.39471 0 1211374394
37.75135 -122.3948 0 1211374329
37.75127 -122.39477 0 1211374269
37.75134 -122.39481 0 1211374209
37.75139 -122.39477 0 1211374184
37.75171 -122.3947 0 1211374129
37.75131 -122.39465 0 1211374026
37.75124 -122.39453 0 1211373960
37.75136 -122.39451 0 1211373869
37.7511 -122.3946 0 1211373824
37.75114 -122.3946 0 1211373754
37.7512 -122.39467 0 1211373687
37.75133 -122.39454 0 1211373627
37.75136 -122.39449 0 1211373572
37.75139 -122.39442 0 1211373507
37.75141 -122.39462 0 1211373452
37.75126 -122.39523 0 1211373391
37.75131 -122.3953 0 1211373327
37.75128 -122.39533 0 1211373272
37.75131 -122.39531 0 1211373206
37.75126 -122.39532 0 1211373154
37.75132 -122.39535 0 1211373085
37.75062 -122.39343 0 1211373036
37.7582 -122.39253 0 1211372964
37.77125 -122.3982 0 1211372924
37.77612 -122.4027 0 1211372871
37.77968 -122.40709 0 1211372801
37.78247 -122.41085 0 1211372741
37.78368 -122.41601 0 1211372680
37.7864 -122.41636 0 1211372620
37.78448 -122.41423 0 1211372577
37.7837 -122.41573 0 1211372513
37.78525 -122.41616 0 1211372448
37.78538 -122.41634 0 1211372387
37.78539 -122.41634 1 1211372386
37.78553 -122.41652 1 1211372364
37.78498 -122.41908 1 1211372299
37.78149 -122.4203 1 1211372238
37.78157 -122.41978 1 1211372178
37.78161 -122.4198 1 1211372117
37.78158 -122.41973 1 1211372057
37.78161 -122.41982 1 1211372021
37.78157 -122.41981 1 1211371977
37.78139 -122.41943 1 1211371901
37.78486 -122.41946 1 1211371841
37.78599 -122.4149 1 1211371795
37.78626 -122.41984 1 1211371720
37.78968 -122.42012 1 1211371661
37.78978 -122.42017 1 1211371605
37.79016 -122.42033 1 1211371544
37.78983 -122.41986 1 1211371484
37.78954 -122.42035 1 1211371420
37.7905 -122.42047 1 1211371363
37.79159 -122.42064 1 1211371301
37.79168 -122.42078 1 1211371241
37.79567 -122.42173 1 1211371197
37.79567 -122.42173 1 1211371182
37.79971 -122.42283 1 1211371118
37.79963 -122.4235 1 1211371058
37.79957 -122.42344 1 1211370997
37.79957 -122.42344 1 1211370937
37.79937 -122.42433 1 1211370877
37.80068 -122.42452 0 1211370839
37.80039 -122.43146 0 1211370785
37.79833 -122.43573 0 1211370720
37.79833 -122.43573 1 1211370719
37.7978 -122.43562 1 1211370670
37.79792 -122.42924 1 1211370601
37.79836 -122.42562 1 1211370541
37.7983 -122.42457 1 1211370480
37.79828 -122.4245 1 1211370424
37.79721 -122.42532 1 1211370360
37.79275 -122.42431 1 1211370305
37.79101 -122.41731 1 1211370239
37.79143 -122.41416 1 1211370178
37.79208 -122.40915 1 1211370118
37.79208 -122.40323 1 1211370058
37.79208 -122.40323 0 1211370057
37.79208 -122.40323 1 1211370056
37.79265 -122.40348 1 1211370002
37.79268 -122.40349 1 1211369994
37.79199 -122.40993 1 1211369941
37.79157 -122.41267 1 1211369881
37.79093 -122.41743 1 1211369825
37.7906 -122.42094 1 1211369761
37.78616 -122.42315 1 1211369705
37.7799 -122.42187 1 1211369645
37.77405 -122.42075 1 1211369582
37.7696 -122.42452 1 1211369520
37.7678 -122.42452 1 1211369460
37.76781 -122.42457 0 1211369403
37.76781 -122.42456 0 1211369344
37.76785 -122.42458 0 1211369283
37.76794 -122.4252 0 1211369223
37.76748 -122.42894 0 1211369162
37.76798 -122.42906 0 1211369140
37.76872 -122.42845 0 1211369085
37.76872 -122.42846 0 1211369020
37.76872 -122.42847 0 1211368960
37.76903 -122.42916 0 1211368906
37.77218 -122.42886 0 1211368839
37.77223 -122.42884 0 1211368780
37.77089 -122.43023 0 1211368721
37.768 -122.42893 0 1211368658
37.76798 -122.42894 1 1211368645
37.76685 -122.4267 1 1211368581
37.7705 -122.42528 1 1211368529
37.77367 -122.42135 1 1211368465
37.77676 -122.41729 1 1211368400
37.78003 -122.41517 1 1211368341
37.78362 -122.41577 1 1211368284
37.7838 -122.41596 0 1211368267
37.78562 -122.41636 0 1211368206
37.78722 -122.40972 0 1211368153
37.78686 -122.41143 0 1211368069
37.78488 -122.41113 0 1211368004
37.7837 -122.41482 0 1211367944
37.78356 -122.41558 1 1211367943
37.78343 -122.41614 1 1211367907
37.78291 -122.42085 1 1211367841
37.78069 -122.42212 1 1211367781
37.77601 -122.42104 1 1211367725
37.77312 -122.42183 1 1211367667
37.7714 -122.42253 1 1211367601
37.76973 -122.42236 1 1211367545
37.76645 -122.42198 1 1211367514
37.76165 -122.42151 1 1211367439
37.76166 -122.42151 0 1211367438
37.75888 -122.42125 0 1211367382
37.75545 -122.41875 0 1211367312
37.74983 -122.41818 0 1211367261
37.74908 -122.41595 0 1211367196
37.7484 -122.41032 0 1211367126
37.74944 -122.40187 0 1211367065
37.74941 -122.39715 0 1211367008
37.74559 -122.39461 0 1211366943
37.74479 -122.39527 0 1211366882
37.74489 -122.39527 0 1211366822
37.74457 -122.39525 0 1211366762
37.74496 -122.39523 0 1211366702
37.74493 -122.39536 0 1211366654
37.74483 -122.39536 0 1211366581
37.7451 -122.39529 0 1211366520
37.74484 -122.39523 0 1211366459
37.74575 -122.39449 0 1211366399
37.74945 -122.40057 0 1211366339
37.74823 -122.41185 0 1211366279
37.74813 -122.41675 0 1211366219
37.74795 -122.42326 0 1211366164
37.75122 -122.42522 0 1211366099
37.75632 -122.42571 0 1211366039
37.75946 -122.42598 0 1211365979
37.7628 -122.42999 0 1211365918
37.76064 -122.43499 0 1211365864
37.75927 -122.43547 0 1211365803
37.75927 -122.43546 0 1211365737
37.75925 -122.43548 0 1211365677
37.7593 -122.43544 0 1211365616
37.75931 -122.43544 0 1211365556
37.7593 -122.43545 0 1211365498
37.75931 -122.43544 0 1211365447
37.75931 -122.43546 0 1211365387
37.75932 -122.43545 0 1211365327
37.75932 -122.43546 0 1211365267
37.75931 -122.43546 0 1211365206
37.75929 -122.43544 0 1211365146
37.75929 -122.43544 0 1211365085
37.7593 -122.43543 0 1211365025
37.75929 -122.43543 0 1211364967
37.75928 -122.43544 0 1211364904
37.75927 -122.43545 0 1211364844
37.75928 -122.43545 0 1211364784
37.7593 -122.43543 0 1211364728
37.7593 -122.43546 0 1211364664
37.7593 -122.43544 0 1211364604
37.7593 -122.43544 0 1211364548
37.7593 -122.43546 0 1211364484
37.7593 -122.43547 0 1211364423
37.75929 -122.43545 0 1211364363
37.75929 -122.43546 0 1211364308
37.75929 -122.43546 0 1211364247
37.75931 -122.43546 0 1211364183
37.75932 -122.43548 0 1211364123
37.75931 -122.43544 0 1211364063
37.75927 -122.43541 0 1211364003
37.75931 -122.43543 0 1211363943
37.75933 -122.43541 0 1211363887
37.75931 -122.43541 0 1211363827
37.75932 -122.43546 0 1211363770
37.75931 -122.43547 0 1211363702
37.75927 -122.43547 0 1211363642
37.75927 -122.43545 0 1211363587
37.75927 -122.43542 0 1211363521
37.75929 -122.43544 0 1211363475
37.75926 -122.43547 0 1211363400
37.75929 -122.43545 0 1211363340
37.75928 -122.43547 0 1211363280
37.75927 -122.43547 0 1211363255
37.75931 -122.43541 0 1211363195
37.75927 -122.43544 0 1211363135
37.75927 -122.43545 0 1211363082
37.75934 -122.43539 0 1211363013
37.75933 -122.43537 0 1211362953
37.75934 -122.43537 0 1211362892
37.75929 -122.43547 0 1211362851
37.75929 -122.43547 0 1211362786
37.75933 -122.43543 0 1211362740
37.75932 -122.43536 0 1211362680
37.75944 -122.43534 0 1211362625
37.75943 -122.43535 0 1211362560
37.75935 -122.43542 0 1211362500
37.75934 -122.43541 0 1211362440
37.75936 -122.43547 0 1211362396
37.75935 -122.43545 0 1211362336
37.75935 -122.43544 0 1211362270
37.75929 -122.4354 0 1211362210
37.75932 -122.43545 0 1211362150
37.75929 -122.43539 0 1211362090
37.75932 -122.43543 0 1211362030
37.75934 -122.43538 0 1211361970
37.75921 -122.43544 0 1211361910
37.75921 -122.43553 0 1211361850
37.75933 -122.43545 0 1211361796
37.75933 -122.43546 0 1211361734
37.75935 -122.43547 0 1211361670
37.75932 -122.43544 0 1211361614
37.75936 -122.43541 0 1211361551
37.76051 -122.43505 0 1211361491
37.76182 -122.43749 0 1211361429
37.76213 -122.44172 0 1211361369
37.76172 -122.44918 0 1211361314
37.76645 -122.45014 0 1211361249
37.7696 -122.45057 0 1211361204
37.76916 -122.44684 0 1211361144
37.76959 -122.45051 0 1211361089
37.76989 -122.44824 0 1211361024
37.76992 -122.44813 0 1211360964
37.7723 -122.44586 0 1211360910
37.77428 -122.44293 0 1211360850
37.77428 -122.44294 1 1211360849
37.77435 -122.44296 1 1211360825
37.77213 -122.44617 1 1211360755
37.76969 -122.44951 1 1211360695
37.76973 -122.44958 0 1211360686
37.76762 -122.45324 0 1211360626
37.76624 -122.45985 0 1211360566
37.76412 -122.46625 0 1211360505
37.76517 -122.46303 0 1211360447
37.76518 -122.46303 1 1211360443
37.76619 -122.46116 1 1211360390
37.77222 -122.45229 1 1211360289
37.77511 -122.45179 1 1211360229
37.77514 -122.45175 0 1211360208
37.77499 -122.45473 0 1211360153
37.78129 -122.45654 0 1211360073
37.78086 -122.45994 0 1211360012
37.78086 -122.45993 1 1211360011
37.77722 -122.45972 1 1211359978
37.77467 -122.45462 1 1211359912
37.77225 -122.45249 1 1211359852
37.77334 -122.44402 1 1211359792
37.7743 -122.43612 1 1211359738
37.77477 -122.4322 1 1211359672
37.77387 -122.4308 1 1211359630
37.77216 -122.42983 1 1211359556
37.77216 -122.42982 1 1211359495
37.77177 -122.43332 1 1211359435
37.7709 -122.4406 1 1211359385
37.76978 -122.44822 1 1211359315
37.76921 -122.45329 0 1211359256
37.76574 -122.45282 0 1211359196
37.76436 -122.45955 0 1211359150
37.76398 -122.46628 0 1211359076
37.75937 -122.46596 0 1211359016
37.75461 -122.46567 0 1211358961
37.75461 -122.46567 1 1211358955
37.75461 -122.46568 1 1211358935
37.759 -122.46597 1 1211358874
37.76242 -122.46213 1 1211358831
37.76449 -122.45299 1 1211358754
37.76156 -122.45131 1 1211358694
37.76196 -122.44519 1 1211358634
37.76238 -122.43739 1 1211358574
37.76233 -122.43509 1 1211358525
37.76097 -122.43451 0 1211358458
37.76118 -122.43067 0 1211358394
37.76098 -122.43399 0 1211358335
37.7609 -122.43455 0 1211358277
37.76092 -122.43456 0 1211358214
37.76091 -122.43456 0 1211358153
37.76195 -122.43517 0 1211358094
37.76202 -122.43519 1 1211358092
37.7621 -122.43521 1 1211358053
37.7621 -122.43521 1 1211358044
37.76959 -122.42647 1 1211357924
37.77145 -122.42412 1 1211357864
37.77262 -122.42277 1 1211357823
37.77856 -122.42336 1 1211357763
37.7855 -122.42473 1 1211357717
37.78824 -122.42194 1 1211357643
37.79246 -122.42281 1 1211357594
37.79599 -122.42188 1 1211357528
37.79751 -122.41009 1 1211357462
37.79796 -122.40647 1 1211357402
37.79804 -122.40536 0 1211357381
37.79794 -122.40617 0 1211357320
37.79596 -122.42168 0 1211357205
37.79685 -122.42192 0 1211357141
37.79315 -122.42122 0 1211357080
37.78935 -122.42048 0 1211357019
37.78662 -122.41994 0 1211356958
37.78246 -122.41782 0 1211356906
37.78268 -122.41502 0 1211356838
37.78268 -122.41503 1 1211356837
37.78259 -122.41405 1 1211356807
37.78121 -122.41892 1 1211356738
37.78069 -122.42208 1 1211356682
37.77498 -122.4209 1 1211356618
37.76949 -122.42637 1 1211356572
37.76576 -122.43109 1 1211356502
37.76282 -122.43478 1 1211356442
37.76228 -122.43507 1 1211356377
37.76215 -122.43515 0 1211356357
37.76625 -122.43109 0 1211356280
37.76754 -122.43164 0 1211356220
37.7676 -122.43149 0 1211356165
37.76866 -122.42858 0 1211356104
37.76814 -122.42881 0 1211356045
37.76813 -122.42885 0 1211355978
37.76812 -122.42881 0 1211355924
37.76812 -122.42879 0 1211355857
37.76813 -122.4288 0 1211355797
37.76813 -122.42884 0 1211355736
37.76812 -122.42881 0 1211355676
37.76812 -122.42878 0 1211355630
37.76812 -122.42878 0 1211355555
37.76812 -122.42878 0 1211355495
37.76813 -122.42884 0 1211355435
37.7681 -122.42871 0 1211355374
37.76811 -122.42877 0 1211355313
37.76811 -122.42878 0 1211355253
37.7681 -122.42876 0 1211355193
37.76812 -122.42881 0 1211355132
37.76811 -122.42877 0 1211355075
37.7681 -122.42879 0 1211355012
37.76811 -122.42879 0 1211354952
37.76811 -122.42878 0 1211354929
37.76811 -122.42878 0 1211354867
37.76813 -122.42882 0 1211354803
37.76813 -122.4288 0 1211354743
37.76815 -122.42877 0 1211354682
37.76815 -122.42884 0 1211354647
37.76819 -122.42881 0 1211354588
37.76815 -122.42882 0 1211354521
37.76817 -122.42881 0 1211354461
37.76815 -122.42876 0 1211354400
37.76815 -122.42882 0 1211354346
37.76814 -122.4288 0 1211354286
37.76814 -122.42878 0 1211354227
37.76811 -122.42878 0 1211354166
37.76812 -122.42875 0 1211354106
37.76815 -122.42879 0 1211354045
37.76816 -122.42877 0 1211353991
37.7682 -122.42885 0 1211353925
37.76817 -122.42879 0 1211353865
37.76817 -122.4288 0 1211353804
37.76816 -122.4288 0 1211353744
37.76816 -122.42883 0 1211353684
37.76815 -122.42881 0 1211353624
37.76813 -122.42881 0 1211353567
37.76856 -122.42807 0 1211353504
37.76551 -122.43131 0 1211353444
37.76314 -122.43434 0 1211353384
37.76101 -122.43381 0 1211353324
37.76132 -122.42872 0 1211353290
37.76145 -122.42566 0 1211353227
37.76168 -122.42147 0 1211353152
37.76171 -122.41932 0 1211353085
37.75909 -122.41911 0 1211353025
37.75502 -122.41869 0 1211352968
37.75044 -122.41825 0 1211352905
37.74824 -122.41588 0 1211352845
37.74854 -122.40839 0 1211352785
37.75143 -122.3949 0 1211336314
37.75143 -122.3949 0 1211336288
37.75144 -122.3949 0 1211336259
37.75135 -122.39542 0 1211336174
37.75135 -122.39541 0 1211336129
37.75136 -122.39541 0 1211336053
37.75139 -122.39535 0 1211335992
37.75131 -122.39543 0 1211335941
37.75102 -122.39348 0 1211335872
37.75377 -122.39219 0 1211335817
37.76692 -122.39537 0 1211335757
37.7769 -122.39353 0 1211335706
37.78043 -122.38907 0 1211335641
37.78539 -122.38817 0 1211335576
37.79129 -122.39073 0 1211335515
37.79337 -122.39345 0 1211335468
37.7941 -122.3954 0 1211335393
37.79398 -122.39522 1 1211335379
37.79396 -122.39522 1 1211335327
37.79452 -122.39578 1 1211335260
37.79407 -122.39832 1 1211335199
37.79463 -122.39986 1 1211335134
37.79996 -122.4013 1 1211335081
37.80446 -122.4027 1 1211335021
37.80686 -122.40644 1 1211334958
37.80755 -122.40778 1 1211334893
37.80811 -122.40935 1 1211334833
37.80843 -122.41066 1 1211334783
37.80835 -122.40964 1 1211334713
37.80835 -122.40964 1 1211334653
37.80835 -122.40964 1 1211334598
37.80835 -122.40965 1 1211334538
37.80834 -122.40966 1 1211334473
37.80833 -122.40967 1 1211334413
37.80831 -122.40967 1 1211334358
37.80836 -122.40968 1 1211334299
37.80836 -122.40968 1 1211334242
37.80835 -122.40967 1 1211334172
37.80742 -122.40896 1 1211334112
37.80675 -122.41387 1 1211334056
37.80724 -122.41609 1 1211334001
37.80784 -122.41879 1 1211333934
37.80798 -122.41766 1 1211333877
37.80805 -122.41698 1 1211333812
37.80733 -122.41563 1 1211333756
37.80621 -122.41636 1 1211333691
37.8061 -122.41735 0 1211333640
37.8057 -122.42056 0 1211333574
37.80509 -122.42363 0 1211333517
37.80501 -122.42364 0 1211333460
37.80175 -122.42235 0 1211333398
37.80175 -122.42235 1 1211333392
37.80164 -122.42234 1 1211333346
37.80163 -122.42119 1 1211333283
37.79945 -122.42079 1 1211333252
37.79621 -122.41987 1 1211333192
37.79725 -122.41146 1 1211333159
37.79796 -122.40606 1 1211333076
37.79805 -122.40523 1 1211332996
37.79815 -122.40451 1 1211332954
37.79815 -122.40451 1 1211332936
37.79792 -122.402 1 1211332816
37.79657 -122.40074 1 1211332806
37.79657 -122.40074 1 1211332789
37.80524 -122.40378 0 1211332579
37.80514 -122.41733 0 1211332280
37.80165 -122.42972 0 1211332123
37.80149 -122.4297 1 1211332112
37.80091 -122.42958 1 1211332100
37.80091 -122.42957 1 1211332070
37.79863 -122.42911 1 1211332010
37.79568 -122.42411 1 1211331887
37.79595 -122.42197 1 1211331869
37.79595 -122.42197 1 1211331791
37.79623 -122.41981 1 1211331725
37.79755 -122.40966 1 1211331669
37.79762 -122.40559 1 1211331543
37.79309 -122.40369 1 1211331457
37.7905 -122.40402 1 1211331393
37.78717 -122.40315 1 1211331333
37.78656 -122.4026 1 1211331273
37.78606 -122.40202 1 1211331213
37.78573 -122.40266 1 1211331158
37.78461 -122.40444 1 1211331101
37.7858 -122.40598 1 1211331032
37.78557 -122.40652 1 1211330972
37.7848 -122.40693 1 1211330917
37.78389 -122.40793 0 1211330856
37.78371 -122.40733 0 1211330796
37.78242 -122.40689 0 1211330736
37.78066 -122.40913 0 1211330676
37.77733 -122.41325 0 1211330616
37.77676 -122.41405 0 1211330579
37.77386 -122.41755 0 1211330527
37.77165 -122.41839 0 1211330465
37.77171 -122.41842 1 1211330464
37.77324 -122.41843 1 1211330408
37.77345 -122.41775 1 1211330348
37.77459 -122.41685 1 1211330288
37.77919 -122.41512 1 1211330228
37.78065 -122.41436 1 1211330173
37.78253 -122.40995 1 1211330109
37.78614 -122.40572 1 1211330047
37.78858 -122.4019 1 1211329986
37.79029 -122.39916 1 1211329930
37.79137 -122.39772 1 1211329865
37.79425 -122.39591 1 1211329804
37.79422 -122.39574 0 1211329796
37.79422 -122.39574 1 1211329794
37.79365 -122.39558 1 1211329660
37.79539 -122.39735 1 1211329599
37.7919 -122.39941 1 1211329544
37.78869 -122.40202 1 1211329479
37.78901 -122.40242 1 1211329419
37.78872 -122.40402 1 1211329359
37.78847 -122.40493 0 1211329317
37.78901 -122.40669 0 1211329251
37.78928 -122.40686 0 1211329186
37.78914 -122.40552 0 1211329126
37.78922 -122.40545 0 1211329066
37.78918 -122.40551 1 1211329051
37.78916 -122.40549 1 1211328991
37.7891 -122.40533 1 1211328965
37.78851 -122.40677 1 1211328910
37.78903 -122.40733 1 1211328845
37.78903 -122.40733 0 1211328841
37.78916 -122.40716 0 1211328781
37.78981 -122.4071 0 1211328743
37.79487 -122.40808 0 1211328688
37.79505 -122.40731 0 1211328610
37.79503 -122.40729 1 1211328598
37.79521 -122.40585 1 1211328498
37.79477 -122.40477 1 1211328438
37.79361 -122.40298 1 1211328391
37.79361 -122.40298 1 1211328377
37.79435 -122.39881 1 1211328299
37.79576 -122.39744 1 1211328249
37.79218 -122.3972 1 1211328180
37.78953 -122.39779 1 1211328126
37.7897 -122.39791 0 1211328076
37.78722 -122.40078 0 1211328016
37.78597 -122.40226 0 1211327987
37.78481 -122.40466 0 1211327926
37.78614 -122.40632 0 1211327871
37.78684 -122.40656 0 1211327810
37.78785 -122.41107 0 1211327755
37.78766 -122.41352 0 1211327689
37.78752 -122.41474 1 1211327671
37.7864 -122.41465 1 1211327666
37.78614 -122.41468 1 1211327618
37.78205 -122.41397 1 1211327554
37.77932 -122.41105 1 1211327493
37.77668 -122.40807 1 1211327432
37.77466 -122.41065 1 1211327372
37.77352 -122.41209 0 1211327326
37.77272 -122.41309 0 1211327292
37.77202 -122.41424 0 1211327234
37.77235 -122.41635 0 1211327174
37.77233 -122.41636 1 1211327172
37.77159 -122.41657 1 1211327128
37.77085 -122.41238 1 1211327067
37.77176 -122.41123 1 1211327007
37.7741 -122.4082 1 1211326946
37.77669 -122.40491 1 1211326885
37.77953 -122.40128 1 1211326828
37.78446 -122.3951 1 1211326769
37.78586 -122.39335 1 1211326704
37.78831 -122.39025 1 1211326654
37.79022 -122.39058 1 1211326588
37.79069 -122.39254 0 1211326541
37.79318 -122.39331 0 1211326370
37.79456 -122.39528 0 1211326296
37.79416 -122.39524 0 1211326115
37.79343 -122.39611 0 1211326055
37.79086 -122.39808 0 1211326005
37.79076 -122.40009 0 1211325935
37.78957 -122.40223 0 1211325879
37.79064 -122.40196 0 1211325817
37.79096 -122.4009 0 1211325788
37.79077 -122.39987 0 1211325766
37.79236 -122.40097 0 1211325724
37.79924 -122.41881 0 1211325288
37.79892 -122.42079 0 1211325246
37.79892 -122.42079 0 1211325228
37.7989 -122.42116 0 1211325200
37.79889 -122.42119 1 1211325199
37.79772 -122.42211 1 1211325158
37.79618 -122.41987 1 1211325082
37.79769 -122.40843 1 1211324965
37.79849 -122.40128 1 1211324903
37.79346 -122.39619 1 1211324792
37.79365 -122.39494 1 1211324717
37.79366 -122.39494 0 1211324698
37.79353 -122.39429 0 1211324534
37.79099 -122.39651 0 1211324459
37.79017 -122.3965 0 1211324407
37.78951 -122.39802 0 1211324338
37.7876 -122.39906 0 1211324278
37.7853 -122.39659 0 1211324218
37.7837 -122.39433 0 1211324169
37.78084 -122.39073 0 1211324123
37.77826 -122.39337 0 1211324058
37.77479 -122.39786 0 1211323997
37.77131 -122.40094 0 1211323942
37.7663 -122.39488 0 1211323887
37.76568 -122.39486 0 1211323822
37.76394 -122.39244 0 1211323766
37.76012 -122.39219 0 1211323697
37.7472 -122.39329 0 1211323637
37.73644 -122.40366 0 1211323581
37.7234 -122.40087 0 1211323520
37.71271 -122.39597 0 1211323471
37.70237 -122.39341 0 1211323428
37.68905 -122.39041 0 1211323371
37.67567 -122.38874 0 1211323315
37.6534 -122.40682 0 1211323202
37.64071 -122.40561 0 1211323142
37.62766 -122.40196 0 1211323085
37.61476 -122.39703 0 1211323037
37.61558 -122.38775 0 1211322971
37.61494 -122.39245 0 1211322876
37.61776 -122.38725 0 1211322837
37.61795 -122.38702 1 1211322798
37.61772 -122.38691 1 1211322738
37.61509 -122.3868 1 1211322690
37.61426 -122.39785 1 1211322617
37.62716 -122.40264 1 1211322561
37.64027 -122.40588 1 1211322507
37.65376 -122.40722 1 1211322450
37.68166 -122.38902 1 1211322323
37.69498 -122.39204 1 1211322272
37.70802 -122.39495 1 1211322225
37.72081 -122.40014 1 1211322177
37.73372 -122.40504 1 1211322130
37.74484 -122.39524 1 1211322069
37.75849 -122.39245 1 1211322013
37.77116 -122.39793 1 1211321956
37.77794 -122.39147 1 1211321902
37.77951 -122.39038 1 1211321835
37.78078 -122.39066 1 1211321775
37.7847 -122.39563 1 1211321714
37.78763 -122.39802 1 1211321654
37.78932 -122.40069 1 1211321593
37.78933 -122.40248 1 1211321533
37.79102 -122.40452 0 1211321476
37.79096 -122.40484 0 1211321428
37.78925 -122.40406 0 1211321372
37.78725 -122.40418 0 1211321308
37.78837 -122.40359 0 1211321273
37.78777 -122.40345 0 1211321207
37.7886 -122.40267 1 1211321186
37.79085 -122.40006 1 1211321125
37.79073 -122.40078 1 1211321065
37.7919 -122.40128 1 1211321002
37.79543 -122.40159 0 1211320995
37.79543 -122.40159 0 1211320934
37.79455 -122.39655 1 1211320797
37.79384 -122.39581 1 1211320730
37.792 -122.39483 1 1211320610
37.79128 -122.39621 0 1211320581
37.78789 -122.39965 0 1211320506
37.78545 -122.39637 0 1211320449
37.78311 -122.39326 0 1211320385
37.78021 -122.39084 0 1211320325
37.7779 -122.39394 0 1211320270
37.77412 -122.3986 0 1211320209
37.77152 -122.4021 0 1211320149
37.76726 -122.40377 0 1211320084
37.76582 -122.40354 0 1211320034
37.76204 -122.40326 0 1211319974
37.75979 -122.40088 0 1211319914
37.75577 -122.39875 0 1211319853
37.75329 -122.39686 0 1211319793
37.74987 -122.39624 0 1211319734
37.75129 -122.3952 0 1211319671
37.75139 -122.39482 0 1211319611
37.75139 -122.39481 0 1211319551
37.7514 -122.39481 0 1211319496
37.75139 -122.39482 0 1211319431
37.75139 -122.39481 0 1211319370
37.75206 -122.39426 0 1211319310
37.75155 -122.39363 0 1211319249
37.75154 -122.39362 0 1211319189
37.75153 -122.39363 0 1211319128
37.75154 -122.39363 0 1211319067
37.75154 -122.39363 0 1211319006
37.75137 -122.39396 0 1211318946
37.75137 -122.39529 0 1211318886
37.75137 -122.39527 0 1211318826
37.75136 -122.39527 0 1211318766
37.75139 -122.39531 0 1211318706
37.75139 -122.39531 0 1211318646
37.75138 -122.39531 0 1211318605
37.75203 -122.39436 0 1211318544
37.75017 -122.39336 0 1211318484
37.74622 -122.39336 0 1211318424
37.73615 -122.40405 0 1211318391
37.72771 -122.40242 0 1211318329
37.72015 -122.39969 0 1211318301
37.70689 -122.39454 0 1211318242
37.69352 -122.39152 0 1211318194
37.6873 -122.39011 0 1211318170
37.67372 -122.38979 0 1211318120
37.66307 -122.40017 0 1211318078
37.65051 -122.40673 0 1211318023
37.6372 -122.40433 0 1211317974
37.62408 -122.40093 0 1211317928
37.60304 -122.38108 0 1211317832
37.59454 -122.36798 0 1211317785
37.58728 -122.35335 0 1211317731
37.58683 -122.3369 0 1211317683
37.57908 -122.32287 0 1211317630
37.56902 -122.31196 0 1211317578
37.55893 -122.30126 0 1211317528
37.54816 -122.29123 0 1211317479
37.5373 -122.28113 0 1211317431
37.52671 -122.27051 0 1211317385
37.51676 -122.25926 0 1211317339
37.50654 -122.24768 0 1211317297
37.49714 -122.23558 0 1211317245
37.49176 -122.21986 0 1211317204
37.48734 -122.2039 0 1211317158
37.48523 -122.18753 0 1211317114
37.47135 -122.15937 0 1211317023
37.46361 -122.14612 0 1211316988
37.43584 -122.10917 0 1211316838
37.40953 -122.07196 0 1211316672
37.38386 -122.06712 0 1211316562
37.38013 -122.07208 0 1211316506
37.37726 -122.06505 0 1211316454
37.37444 -122.05767 0 1211316408
37.37069 -122.05721 0 1211316352
37.3669 -122.05504 0 1211316341
37.3669 -122.05504 0 1211316322
37.36673 -122.05412 1 1211316276
37.37612 -122.0624 1 1211315956
37.37683 -122.06431 1 1211315899
37.39407 -122.0685 1 1211315787
37.40734 -122.07014 1 1211315725
37.4127 -122.08031 1 1211315683
37.44137 -122.11517 1 1211315537
37.4519 -122.12649 1 1211315484
37.46777 -122.15342 1 1211315396
37.4756 -122.16676 1 1211315347
37.48322 -122.18039 1 1211315307
37.48639 -122.19664 1 1211315269
37.48903 -122.21334 1 1211315215
37.4949 -122.22827 1 1211315173
37.50219 -122.24289 1 1211315135
37.51218 -122.25415 1 1211315081
37.52233 -122.26564 1 1211315050
37.53259 -122.27689 1 1211314981
37.54353 -122.28695 1 1211314935
37.55424 -122.297 1 1211314890
37.56469 -122.30734 1 1211314848
37.57478 -122.31833 1 1211314805
37.58498 -122.32938 1 1211314753
37.587 -122.34599 1 1211314699
37.5905 -122.36197 1 1211314652
37.59873 -122.3747 1 1211314587
37.60704 -122.38753 1 1211314535
37.61471 -122.39352 1 1211314482
37.615 -122.38586 0 1211314218
37.61541 -122.39095 0 1211313770
37.61503 -122.39019 0 1211313526
37.6399 -122.44237 0 1211313231
37.65543 -122.45837 0 1211313162
37.68009 -122.47171 0 1211313068
37.71861 -122.44848 0 1211312907
37.73023 -122.4391 0 1211312860
37.7511 -122.40323 0 1211312693
37.76905 -122.40941 0 1211312594
37.77065 -122.42241 0 1211312560
37.77269 -122.42376 0 1211312488
37.77585 -122.42396 0 1211312423
37.77729 -122.4231 0 1211312365
37.78318 -122.42431 0 1211312303
37.79069 -122.42576 0 1211312242
37.79524 -122.42673 0 1211312192
37.79733 -122.42711 0 1211312149
37.80073 -122.4286 0 1211312027
37.79997 -122.4345 0 1211311972
37.79923 -122.44041 0 1211311907
37.79824 -122.44586 0 1211311740
37.79593 -122.4469 0 1211311677
37.79573 -122.44633 0 1211311566
37.79567 -122.44634 0 1211311496
37.79617 -122.44205 0 1211311375
37.79332 -122.44146 0 1211311315
37.79086 -122.44271 0 1211311260
37.79067 -122.44273 0 1211311205
37.79217 -122.44299 0 1211311135
37.79285 -122.43895 0 1211311100
37.79864 -122.43915 0 1211310999
37.79961 -122.43942 0 1211310921
37.80049 -122.43907 0 1211310872
37.80095 -122.43646 0 1211310797
37.80297 -122.43436 0 1211310736
37.80378 -122.42805 0 1211310676
37.80569 -122.4209 0 1211310555
37.80787 -122.4188 0 1211310505
37.80815 -122.41667 0 1211310447
37.80854 -122.41585 0 1211310373
37.80879 -122.41251 0 1211310312
37.80875 -122.41247 1 1211310311
37.80817 -122.40942 1 1211310249
37.80734 -122.40693 1 1211310181
37.80469 -122.40347 1 1211310126
37.79784 -122.40214 1 1211310003
37.79371 -122.40173 1 1211309940
37.79284 -122.40155 1 1211309880
37.79252 -122.40352 1 1211309819
37.79178 -122.40681 1 1211309759
37.79151 -122.40743 1 1211309700
37.79134 -122.40739 0 1211309623
37.79148 -122.40728 0 1211309563
37.79141 -122.4074 0 1211309509
37.79144 -122.40734 0 1211309444
37.79142 -122.40738 0 1211309386
37.79143 -122.40738 0 1211309320
37.79154 -122.4073 0 1211309260
37.79153 -122.40731 0 1211309199
37.79149 -122.40732 0 1211309143
37.79151 -122.40728 0 1211309079
37.79148 -122.40731 0 1211309019
37.79142 -122.40739 0 1211308959
37.79141 -122.40734 0 1211308899
37.79161 -122.40731 0 1211308838
37.79145 -122.40736 0 1211308784
37.79151 -122.40724 0 1211308718
37.79147 -122.40727 0 1211308679
37.79145 -122.40729 1 1211308669
37.79145 -122.40728 0 1211308662
37.7915 -122.40727 0 1211308606
37.79144 -122.40734 0 1211308540
37.79191 -122.40939 0 1211308489
37.78959 -122.41211 0 1211308418
37.78665 -122.4102 0 1211308358
37.78712 -122.40941 0 1211308298
37.78739 -122.40893 0 1211308238
37.78731 -122.40901 0 1211308178
37.78714 -122.40491 0 1211308122
37.78516 -122.4035 0 1211308062
37.78617 -122.40164 0 1211308002
37.78494 -122.40042 0 1211307963
37.78479 -122.40023 1 1211307952
37.78212 -122.40133 1 1211307892
37.78123 -122.40226 1 1211307853
37.77775 -122.40007 1 1211307793
37.77773 -122.40007 1 1211307772
37.77494 -122.40062 1 1211307707
37.76619 -122.39396 1 1211307647
37.75294 -122.39131 1 1211307593
37.74052 -122.39871 1 1211307540
37.72736 -122.4023 1 1211307480
37.71459 -122.39755 1 1211307432
37.7086 -122.39495 1 1211307408
37.69504 -122.39185 1 1211307357
37.68132 -122.38877 1 1211307308
37.66862 -122.39384 1 1211307274
37.64476 -122.40621 1 1211307166
37.61804 -122.39833 1 1211307063
37.61647 -122.38597 0 1211306123
37.61639 -122.38844 0 1211303133
37.617 -122.38798 1 1211303131
37.61797 -122.38601 1 1211303043
37.61752 -122.38492 1 1211302991
37.66768 -122.39486 1 1211302661
37.69448 -122.39199 1 1211302573
37.72045 -122.40008 1 1211302479
37.76007 -122.40642 1 1211302310
37.76896 -122.40905 1 1211302258
37.77048 -122.42218 1 1211302203
37.77335 -122.42392 1 1211302144
37.77525 -122.42428 1 1211302068
37.77532 -122.42433 1 1211302019
37.7759 -122.42328 1 1211301953
37.78025 -122.42368 1 1211301904
37.78472 -122.42457 1 1211301834
37.788 -122.42576 1 1211301768
37.7872 -122.43242 1 1211301707
37.78886 -122.44062 1 1211301527
37.79279 -122.44137 1 1211301406
37.79279 -122.44134 1 1211301226
37.79279 -122.44132 1 1211301170
37.79388 -122.43854 1 1211301122
37.79419 -122.43568 0 1211300938
37.79532 -122.43514 0 1211300920
37.7975 -122.43559 0 1211300880
37.80048 -122.43622 0 1211300764
37.80302 -122.43688 0 1211300697
37.80473 -122.43549 0 1211300632
37.80396 -122.43997 0 1211300573
37.80044 -122.43952 0 1211300515
37.79664 -122.43874 0 1211300455
37.79357 -122.43327 0 1211300333
37.79409 -122.42911 0 1211300268
37.79465 -122.42465 0 1211300208
37.79469 -122.42319 0 1211300158
37.79111 -122.42235 0 1211300044
37.7907 -122.41964 0 1211299984
37.78837 -122.41855 0 1211299924
37.78835 -122.41856 1 1211299922
37.78841 -122.41866 1 1211299872
37.78303 -122.41753 1 1211299747
37.78132 -122.41712 1 1211299700
37.78104 -122.41347 1 1211299627
37.77696 -122.40806 1 1211299571
37.77494 -122.40559 1 1211299511
37.77451 -122.40494 0 1211299504
37.77451 -122.40493 1 1211299482
37.77452 -122.40492 1 1211299424
37.77453 -122.40492 1 1211299422
37.77273 -122.40727 1 1211299368
37.77397 -122.40877 1 1211299297
37.77255 -122.41326 1 1211299175
37.76356 -122.41511 1 1211299060
37.76208 -122.41542 1 1211299010
37.76166 -122.42144 1 1211298895
37.76338 -122.42179 0 1211298817
37.76509 -122.41907 0 1211298757
37.76538 -122.41474 0 1211298697
37.76565 -122.41036 0 1211298658
37.7659 -122.40992 0 1211298601
37.76578 -122.40953 0 1211298476
37.76434 -122.41042 0 1211298418
37.76361 -122.41564 0 1211298309
37.76344 -122.41777 0 1211298243
37.76615 -122.41975 0 1211298129
37.76934 -122.42018 0 1211298063
37.77343 -122.41834 0 1211298004
37.77406 -122.41749 0 1211297943
37.7849 -122.40029 1 1211292272
37.78191 -122.4013 1 1211292209
37.78006 -122.40302 1 1211292154
37.7777 -122.40006 1 1211292093
37.77441 -122.39846 1 1211292033
37.7744 -122.39845 0 1211292023
37.77053 -122.40321 0 1211291966
37.76712 -122.4028 0 1211291902
37.76335 -122.40242 0 1211291861
37.75973 -122.40172 0 1211291782
37.75994 -122.39838 0 1211291745
37.75918 -122.39521 0 1211291695
37.75527 -122.39288 0 1211291636
37.75013 -122.39232 0 1211291570
37.74987 -122.39532 0 1211291510
37.74994 -122.39534 0 1211291450
37.74993 -122.39536 0 1211291389
37.74994 -122.39534 0 1211291328
37.7514 -122.39484 0 1211291273
37.75133 -122.39509 0 1211291208
37.7514 -122.39528 0 1211291148
37.7514 -122.3953 0 1211291088
37.75141 -122.39529 0 1211291028
37.75141 -122.39529 0 1211290984
37.75139 -122.39533 0 1211290924
37.75138 -122.39529 0 1211290864
37.75205 -122.39379 0 1211290804
37.75021 -122.39338 0 1211290744
37.74117 -122.39844 0 1211290688
37.72812 -122.40259 0 1211290626
37.71533 -122.39808 0 1211290583
37.70234 -122.39354 0 1211290537
37.68931 -122.3906 0 1211290493
37.67581 -122.38879 0 1211290449
37.65304 -122.40686 0 1211290355
37.63959 -122.40522 0 1211290308
37.62657 -122.40136 0 1211290258
37.61603 -122.39752 0 1211290213
37.6149 -122.39517 1 1211290206
37.61466 -122.38972 1 1211290001
37.6171 -122.39916 1 1211289948
37.62967 -122.40302 1 1211289897
37.67927 -122.3885 1 1211289701
37.69261 -122.39153 1 1211289643
37.70611 -122.39458 1 1211289600
37.7193 -122.3997 1 1211289559
37.73211 -122.40441 1 1211289521
37.74099 -122.39867 1 1211289467
37.75322 -122.3916 1 1211289418
37.76665 -122.39489 1 1211289370
37.77666 -122.39368 1 1211289306
37.78032 -122.38904 1 1211289245
37.7804 -122.38918 0 1211289218
37.78039 -122.38904 0 1211289160
37.78036 -122.38899 0 1211289095
37.78035 -122.38896 0 1211289044
37.78035 -122.38898 0 1211288980
37.78034 -122.38896 0 1211288914
37.78033 -122.38893 0 1211288854
37.78046 -122.38908 0 1211288793
37.78045 -122.38915 0 1211288739
37.78042 -122.38913 0 1211288686
37.78047 -122.38919 0 1211288610
37.78049 -122.38911 0 1211288550
37.78052 -122.38916 0 1211288489
37.78072 -122.38854 0 1211288429
37.77499 -122.39549 0 1211288367
37.76749 -122.39563 0 1211288316
37.75446 -122.39167 0 1211288254
37.74191 -122.39784 0 1211288193
37.73029 -122.40351 0 1211288138
37.71686 -122.39886 0 1211288075
37.70367 -122.39383 0 1211288027
37.69003 -122.39074 0 1211287981
37.67683 -122.38844 0 1211287929
37.64114 -122.40575 0 1211287791
37.62774 -122.402 0 1211287735
37.61497 -122.39687 0 1211287682
37.6178 -122.38633 0 1211287622
37.61508 -122.385 1 1211287570
37.6152 -122.38545 1 1211287477
37.61511 -122.3854 1 1211287464
37.62259 -122.40093 1 1211287343
37.64896 -122.40673 1 1211287248
37.68515 -122.38985 1 1211287101
37.69882 -122.39292 1 1211287060
37.71205 -122.396 1 1211287006
37.72475 -122.40179 1 1211286959
37.73721 -122.40785 1 1211286908
37.75026 -122.40352 1 1211286852
37.76362 -122.40519 1 1211286798
37.76956 -122.41608 1 1211286733
37.77213 -122.42375 1 1211286685
37.77513 -122.42435 1 1211286613
37.77589 -122.42294 1 1211286553
37.78198 -122.42368 1 1211286493
37.79064 -122.42566 1 1211286431
37.79562 -122.4272 1 1211286371
37.79823 -122.42722 1 1211286310
37.80104 -122.42799 1 1211286250
37.80106 -122.42809 0 1211286245
37.80203 -122.42808 0 1211286181
37.80324 -122.43004 0 1211286130
37.80322 -122.43005 0 1211286065
37.80321 -122.43006 0 1211285999
37.80322 -122.43008 0 1211285939
37.80323 -122.43007 0 1211285878
37.80322 -122.43008 0 1211285818
37.80322 -122.43007 0 1211285757
37.8033 -122.42999 0 1211285697
37.80331 -122.43006 0 1211285650
37.80333 -122.4301 0 1211285614
37.80331 -122.4301 0 1211285552
37.80283 -122.42991 0 1211285382
37.80167 -122.42963 0 1211285350
37.79858 -122.43072 0 1211285290
37.79631 -122.43365 0 1211285230
37.79495 -122.43159 0 1211285151
37.79557 -122.42635 0 1211285094
37.79438 -122.42487 0 1211285054
37.78908 -122.4237 0 1211284994
37.78245 -122.42118 0 1211284933
37.78152 -122.41713 0 1211284873
37.77719 -122.41603 0 1211284813
37.77275 -122.40984 0 1211284752
37.75149 -122.39544 0 1211240859
37.75155 -122.39544 0 1211240787
37.75158 -122.39533 0 1211240736
37.75205 -122.39426 0 1211240677
37.75126 -122.3926 0 1211240627
37.76968 -122.39793 0 1211240498
37.77523 -122.4015 0 1211240438
37.77935 -122.4067 0 1211240380
37.78223 -122.40438 0 1211240338
37.78228 -122.40444 1 1211240323
37.78505 -122.39987 1 1211240258
37.78826 -122.39661 1 1211240194
37.78817 -122.3968 0 1211240185
37.7907 -122.39951 0 1211240125
37.79067 -122.40209 0 1211240065
37.79073 -122.40244 1 1211240064
37.79061 -122.40393 1 1211240040
37.78728 -122.40345 1 1211239964
37.78536 -122.40079 1 1211239904
37.78692 -122.39955 1 1211239854
37.78752 -122.40049 0 1211239820
37.78936 -122.40171 0 1211239764
37.78946 -122.40163 1 1211239751
37.79032 -122.40159 1 1211239703
37.79308 -122.403 1 1211239635
37.79565 -122.4035 1 1211239569
37.79731 -122.40591 1 1211239509
37.79774 -122.40722 1 1211239448
37.79729 -122.41072 1 1211239388
37.79577 -122.42298 1 1211239330
37.7969 -122.42372 1 1211239271
37.80064 -122.42448 1 1211239208
37.80124 -122.42479 1 1211239184
37.8008 -122.42853 1 1211239139
37.79986 -122.43567 1 1211239079
37.80047 -122.43963 1 1211239018
37.80046 -122.43964 1 1211238963
37.80053 -122.43961 1 1211238844
37.80112 -122.44139 1 1211238783
37.80058 -122.44589 1 1211238728
37.80057 -122.44587 0 1211238700
37.80056 -122.44585 0 1211238649
37.80035 -122.44755 0 1211238532
37.80334 -122.45105 0 1211238486
37.80303 -122.45589 0 1211238460
37.80368 -122.47126 0 1211238401
37.80742 -122.47516 0 1211238345
37.80735 -122.47429 0 1211238275
37.80672 -122.47542 0 1211238225
37.81116 -122.4776 0 1211238155
37.82203 -122.4789 0 1211238099
37.83326 -122.48276 0 1211238040
37.83972 -122.48208 0 1211237984
37.84542 -122.47793 0 1211237914
37.84904 -122.48078 0 1211237859
37.85421 -122.4789 0 1211237795
37.85481 -122.47897 0 1211237749
37.85482 -122.47898 0 1211237706
37.85478 -122.479 0 1211237650
37.85478 -122.47903 0 1211237589
37.85471 -122.4789 0 1211237524
37.85714 -122.48044 0 1211237471
37.85855 -122.47888 1 1211237396
37.8585 -122.47874 1 1211237325
37.85707 -122.47948 1 1211237302
37.85707 -122.48069 1 1211237238
37.86123 -122.48932 1 1211237112
37.85961 -122.48581 1 1211237061
37.85741 -122.48117 1 1211236992
37.85568 -122.47935 1 1211236932
37.85019 -122.47969 1 1211236874
37.84692 -122.47883 1 1211236821
37.84001 -122.47846 1 1211236751
37.8353 -122.48397 1 1211236691
37.82569 -122.4792 1 1211236638
37.81949 -122.47848 1 1211236571
37.81546 -122.47801 1 1211236528
37.81164 -122.47757 1 1211236453
37.80929 -122.47727 1 1211236390
37.80599 -122.47418 1 1211236275
37.80481 -122.47295 1 1211236210
37.80189 -122.46021 1 1211236149
37.80519 -122.44728 1 1211236104
37.80588 -122.44187 1 1211236029
37.80623 -122.43906 1 1211235974
37.80509 -122.43351 1 1211235917
37.80341 -122.43152 1 1211235848
37.80446 -122.42287 1 1211235738
37.80524 -122.41748 1 1211235677
37.80576 -122.41273 1 1211235610
37.80652 -122.40701 1 1211235552
37.80488 -122.40283 1 1211235486
37.80256 -122.40036 1 1211235426
37.79895 -122.39815 1 1211235370
37.79854 -122.40092 1 1211235305
37.79855 -122.40152 0 1211235263
37.79779 -122.40209 0 1211235206
37.7978 -122.40209 1 1211235200
37.79524 -122.40157 1 1211235161
37.79284 -122.4015 1 1211235105
37.79277 -122.40324 1 1211235045
37.79171 -122.40741 1 1211234994
37.79152 -122.40737 0 1211234952
37.79139 -122.40743 0 1211234891
37.79149 -122.40737 0 1211234831
37.79137 -122.40681 0 1211234771
37.79144 -122.40579 0 1211234715
37.79386 -122.40281 0 1211234660
37.79488 -122.40174 1 1211234644
37.79428 -122.39991 1 1211234580
37.7951 -122.40021 1 1211234529
37.7989 -122.40109 1 1211234458
37.80244 -122.40195 1 1211234404
37.80243 -122.40195 0 1211234396
37.80245 -122.40195 0 1211234335
37.80244 -122.402 0 1211234278
37.80247 -122.4019 0 1211234215
37.80437 -122.40256 0 1211234155
37.80534 -122.40389 0 1211234100
37.80604 -122.41026 0 1211234050
37.80775 -122.41246 0 1211233976
37.80696 -122.41343 0 1211233914
37.80696 -122.41343 1 1211233913
37.80622 -122.41365 1 1211233891
37.8037 -122.41324 1 1211233819
37.80271 -122.41403 1 1211233754
37.79976 -122.41423 1 1211233695
37.79581 -122.41347 1 1211233630
37.79211 -122.41273 1 1211233568
37.78797 -122.4119 1 1211233507
37.78733 -122.40971 1 1211233447
37.78789 -122.40841 1 1211233390
37.78799 -122.40841 0 1211233352
37.78805 -122.40873 0 1211233309
37.78821 -122.41076 0 1211233231
37.78766 -122.41274 0 1211233170
37.78664 -122.41245 0 1211233110
37.7867 -122.41169 0 1211233050
37.7873 -122.41073 1 1211233034
37.78324 -122.41075 1 1211232971
37.78196 -122.40993 1 1211232948
37.77943 -122.40679 1 1211232888
37.77683 -122.4034 1 1211232833
37.77549 -122.40175 1 1211232768
37.77202 -122.39782 1 1211232707
37.75948 -122.39225 1 1211232653
37.74607 -122.39406 1 1211232609
37.73546 -122.40465 1 1211232574
37.72472 -122.40145 1 1211232514
37.71173 -122.39572 1 1211232465
37.69843 -122.39267 1 1211232416
37.68529 -122.3897 1 1211232368
37.67164 -122.39119 1 1211232325
37.64865 -122.40653 1 1211232215
37.63548 -122.40297 1 1211232163
37.62204 -122.39985 1 1211232107
37.61537 -122.39223 1 1211232051
37.615 -122.39002 1 1211232047
37.61485 -122.39006 0 1211231844
37.61469 -122.39011 0 1211231775
37.61416 -122.39492 0 1211231719
37.61516 -122.39028 0 1211231264
37.62 -122.40014 0 1211231193
37.63325 -122.40364 0 1211231150
37.6964 -122.39238 0 1211230908
37.71012 -122.39544 0 1211230867
37.72281 -122.40091 0 1211230829
37.73597 -122.4042 0 1211230753
37.74666 -122.39394 0 1211230702
37.76006 -122.39253 0 1211230666
37.76529 -122.39487 0 1211230590
37.76682 -122.3922 0 1211230537
37.76691 -122.39055 0 1211230511
37.76688 -122.39056 1 1211230504
37.76948 -122.3894 1 1211230453
37.77828 -122.39181 1 1211230332
37.78001 -122.38986 1 1211230272
37.78368 -122.39371 1 1211230213
37.78463 -122.39533 1 1211230164
37.78536 -122.39403 1 1211230092
37.78889 -122.39632 1 1211230032
37.7926 -122.39959 1 1211229912
37.79379 -122.40009 1 1211229879
37.79505 -122.40034 0 1211229834
37.80086 -122.40146 0 1211229785
37.80406 -122.40218 0 1211229734
37.80521 -122.40519 0 1211229573
37.80518 -122.40519 1 1211229566
37.80387 -122.40333 1 1211229505
37.79818 -122.4022 1 1211229458
37.79315 -122.40142 1 1211229383
37.79315 -122.40142 1 1211229373
37.79338 -122.40136 1 1211229307
37.7946 -122.40099 1 1211229244
37.7941 -122.40137 1 1211229184
37.79419 -122.40136 0 1211229137
37.7942 -122.40137 0 1211229076
37.79456 -122.40149 0 1211229017
37.79436 -122.40157 0 1211228956
37.79433 -122.40155 0 1211228896
37.79411 -122.4015 0 1211228836
37.79383 -122.4014 0 1211228776
37.79363 -122.4014 0 1211228725
37.79379 -122.40144 0 1211228656
37.79391 -122.40148 0 1211228595
37.79426 -122.40147 0 1211228483
37.79475 -122.40122 0 1211228353
37.79464 -122.40107 0 1211228297
37.79466 -122.40111 0 1211228244
37.79333 -122.40141 0 1211228186
37.79273 -122.39599 0 1211228111
37.79273 -122.39599 0 1211228093
37.79064 -122.39488 0 1211228042
37.79283 -122.3951 0 1211227969
37.79308 -122.39449 0 1211227917
37.79506 -122.3947 0 1211227854
37.79102 -122.3938 0 1211227788
37.79141 -122.39277 0 1211227736
37.7926 -122.39462 0 1211227668
37.79081 -122.39475 0 1211227606
37.78896 -122.39171 0 1211227545
37.78574 -122.39018 0 1211227484
37.78485 -122.39119 0 1211227429
37.7821 -122.39259 0 1211227364
37.78499 -122.39588 0 1211227310
37.78521 -122.39618 1 1211227303
37.78769 -122.39996 1 1211227244
37.78947 -122.40241 1 1211227185
37.78881 -122.40395 1 1211227124
37.78833 -122.40843 1 1211227068
37.7893 -122.40848 1 1211227034
37.79025 -122.40845 1 1211226969
37.79128 -122.40902 1 1211226910
37.79176 -122.41063 1 1211226849
37.79176 -122.41063 0 1211226845
37.79179 -122.41063 0 1211226809
37.79179 -122.41064 0 1211226775
37.79182 -122.41068 0 1211226720
37.7917 -122.41073 0 1211226656
37.7917 -122.41079 0 1211226596
37.79168 -122.41078 0 1211226536
37.79169 -122.41072 0 1211226529
37.79182 -122.41065 0 1211226468
37.79188 -122.41071 0 1211226408
37.79166 -122.41073 0 1211226347
37.79176 -122.41077 0 1211226286
37.79182 -122.4107 0 1211226225
37.79168 -122.41073 0 1211226167
37.79164 -122.41073 0 1211226106
37.79161 -122.41073 0 1211226044
37.79193 -122.41078 0 1211225938
37.79289 -122.41104 0 1211225875
37.79197 -122.41071 0 1211225813
37.79189 -122.41069 0 1211225763
37.7918 -122.41066 0 1211225692
37.7918 -122.41066 0 1211225632
37.79179 -122.41064 0 1211225572
37.79152 -122.41058 0 1211225511
37.79236 -122.41287 0 1211225453
37.79151 -122.41323 0 1211225419
37.79146 -122.41433 0 1211225362
37.79146 -122.41433 1 1211225357
37.79141 -122.41431 1 1211225333
37.79106 -122.4155 1 1211225277
37.78913 -122.41523 1 1211225226
37.78346 -122.41418 1 1211225156
37.77925 -122.411 1 1211225108
37.77526 -122.40595 1 1211225032
37.77164 -122.40143 1 1211224976
37.76735 -122.39613 1 1211224919
37.76699 -122.39315 1 1211224884
37.76743 -122.39331 1 1211224809
37.76792 -122.39396 1 1211224748
37.76795 -122.39398 0 1211224710
37.76791 -122.39402 0 1211224685
37.76666 -122.39342 0 1211224557
37.76555 -122.39777 0 1211224519
37.76273 -122.39751 0 1211224453
37.75999 -122.39727 0 1211224373
37.75824 -122.39515 0 1211224313
37.75941 -122.39334 0 1211224253
37.76006 -122.39514 0 1211224198
37.76002 -122.39611 0 1211224140
37.75998 -122.39757 0 1211224075
37.76001 -122.39644 0 1211224015
37.75955 -122.39913 0 1211223948
37.75435 -122.39864 0 1211223888
37.75121 -122.39641 0 1211223828
37.75137 -122.39506 0 1211223768
37.75135 -122.39504 0 1211223707
37.75134 -122.39501 0 1211223676
37.75136 -122.39511 0 1211223631
