37.75128 -122.39502 1 1212173478
37.75121 -122.39507 1 1212173412
37.75089 -122.39477 1 1212173352
37.75166 -122.39499 1 1212173328
37.75166 -122.39499 1 1212173019
37.75162 -122.39499 1 1212172948
37.75131 -122.39492 1 1212172888
37.75138 -122.39494 1 1212172862
37.75145 -122.39493 1 1212172802
37.75143 -122.39488 1 1212172741
37.75156 -122.39484 1 1212172681
37.75159 -122.39483 1 1212172620
37.7513 -122.39495 1 1212172560
37.75154 -122.39497 1 1212172499
37.75147 -122.39495 1 1212172439
37.75154 -122.39498 1 1212172379
37.75141 -122.39499 1 1212172319
37.7513 -122.395 1 1212172259
37.75127 -122.395 1 1212172199
37.75115 -122.39495 1 1212172139
37.75139 -122.3949 1 1212172084
37.75153 -122.39491 1 1212172018
37.75132 -122.39492 1 1212171958
37.7513 -122.39492 1 1212171838
37.75107 -122.39496 1 1212171777
37.75118 -122.39496 1 1212171716
37.75123 -122.39493 1 1212171656
37.75137 -122.39489 1 1212171595
37.75129 -122.3949 1 1212171535
37.75114 -122.395 1 1212171475
37.75113 -122.39498 1 1212171419
37.75119 -122.39498 1 1212171387
37.75123 -122.39496 1 1212171327
37.7512 -122.3949 0 1212171267
37.7512 -122.3949 0 1212171207
37.75096 -122.39491 0 1212171147
37.7507 -122.39499 0 1212171115
37.75068 -122.39501 0 1212171054
37.75085 -122.39495 0 1212170993
37.75105 -122.39497 0 1212170932
37.75106 -122.39493 0 1212170872
37.75135 -122.39489 0 1212170811
37.75157 -122.39485 0 1212170751
37.75188 -122.39474 0 1212170695
37.75136 -122.39496 0 1212170649
37.75137 -122.39496 0 1212170589
37.75155 -122.39493 0 1212170529
37.75162 -122.39493 0 1212170495
37.75134 -122.39491 0 1212170434
37.75134 -122.39492 0 1212170375
37.75132 -122.39495 0 1212170315
37.75133 -122.39496 0 1212170313
37.75133 -122.39496 0 1212170299
37.75131 -122.39497 1 1212170269
37.7513 -122.395 0 1212170210
37.75127 -122.39495 0 1212170178
37.75119 -122.39496 0 1212170118
37.75147 -122.3949 0 1212170058
37.75148 -122.39489 0 1212169974
37.75138 -122.39491 0 1212169914
37.7515 -122.39491 0 1212169854
37.75138 -122.39493 0 1212169793
37.75137 -122.39493 0 1212169663
37.75124 -122.39493 0 1212169603
37.75133 -122.3949 0 1212169542
37.75075 -122.39497 0 1212169488
37.75075 -122.39497 0 1212169153
37.75065 -122.39498 0 1212169053
37.75066 -122.39498 0 1212168993
37.75063 -122.39498 0 1212168933
37.75062 -122.39495 0 1212168873
37.7508 -122.39465 0 1212168813
37.75075 -122.39478 0 1212168753
37.75192 -122.39492 0 1212168644
37.75148 -122.39491 0 1212168584
37.75137 -122.39502 0 1212168523
37.75209 -122.3949 0 1212168462
37.75166 -122.39498 0 1212168402
37.75155 -122.39498 0 1212168341
37.75163 -122.39497 0 1212168280
37.75153 -122.39487 0 1212168219
37.75141 -122.39461 0 1212168158
37.75152 -122.39477 0 1212168103
37.75162 -122.39494 0 1212168037
37.75152 -122.39479 0 1212167977
37.75145 -122.39468 0 1212167916
37.75144 -122.39469 0 1212167856
37.75139 -122.39474 0 1212167796
37.75136 -122.39474 0 1212167735
37.75136 -122.39476 0 1212167674
37.75141 -122.39482 0 1212167614
37.75141 -122.3948 0 1212167554
37.75142 -122.39479 0 1212167494
37.75138 -122.3948 0 1212167434
37.75138 -122.3948 0 1212167375
37.7514 -122.39486 0 1212167336
37.75142 -122.39487 0 1212167276
37.75135 -122.39491 0 1212167226
37.75131 -122.39495 0 1212167156
37.75127 -122.39493 0 1212167094
37.75128 -122.39492 0 1212167033
37.7513 -122.39493 0 1212166972
37.75127 -122.39488 0 1212166912
37.75135 -122.39498 0 1212166852
37.75134 -122.39495 0 1212166792
37.75133 -122.39494 0 1212166732
37.75133 -122.39494 0 1212166672
37.75127 -122.39494 0 1212166611
37.75161 -122.39547 0 1212166551
37.75151 -122.39509 0 1212166491
37.75147 -122.39503 0 1212166448
37.7513 -122.39512 0 1212166382
37.75118 -122.39518 0 1212166319
37.75123 -122.39507 0 1212166257
37.75131 -122.39496 0 1212166205
37.75141 -122.39496 0 1212166147
37.75149 -122.39496 0 1212166077
37.75162 -122.39511 0 1212166016
37.75177 -122.39508 0 1212165956
37.75164 -122.39506 0 1212165895
37.75172 -122.39503 0 1212165843
37.75147 -122.39499 0 1212165783
37.75135 -122.395 0 1212165723
37.75145 -122.3951 0 1212165662
37.75158 -122.39493 0 1212165507
37.75141 -122.39491 0 1212165446
37.75162 -122.39502 0 1212165387
37.75168 -122.39504 0 1212165358
37.7518 -122.39507 0 1212165298
37.7518 -122.39509 0 1212165266
37.75171 -122.39507 0 1212165206
37.75165 -122.39503 0 1212165145
37.75157 -122.39506 0 1212165085
37.75146 -122.39499 0 1212165027
37.75172 -122.39498 0 1212164972
37.75117 -122.39496 0 1212164910
37.75115 -122.39495 0 1212163532
37.75119 -122.39495 0 1212163466
37.75115 -122.39494 0 1212163411
37.75122 -122.39497 0 1212163346
37.75114 -122.39494 0 1212163285
37.75118 -122.39493 0 1212163225
37.75112 -122.39494 0 1212163164
37.75115 -122.39493 0 1212163105
37.75112 -122.39493 0 1212163043
37.75113 -122.39492 0 1212162983
37.75114 -122.39491 0 1212162922
37.7512 -122.39493 0 1212162862
37.75124 -122.39493 0 1212162800
37.75124 -122.39493 0 1212162740
37.75117 -122.39491 0 1212162679
37.75121 -122.39491 0 1212162619
37.75111 -122.39485 0 1212162558
37.75122 -122.3949 0 1212162498
37.7512 -122.39492 0 1212162436
37.7512 -122.39492 0 1212162376
37.7512 -122.39491 0 1212162316
37.75121 -122.39492 0 1212162255
37.75137 -122.39491 0 1212162194
37.75135 -122.39491 0 1212162134
37.75123 -122.39494 0 1212162073
37.75123 -122.39494 0 1212162013
37.75122 -122.39495 0 1212161952
37.75122 -122.39494 0 1212161892
37.75128 -122.39495 0 1212161831
37.75128 -122.39495 0 1212161771
37.75119 -122.39499 0 1212161710
37.75121 -122.395 0 1212161650
37.75135 -122.395 0 1212161590
37.75147 -122.395 0 1212161530
37.75155 -122.39504 0 1212161470
37.75145 -122.39502 0 1212161410
37.75146 -122.39498 0 1212161350
37.75144 -122.39497 0 1212161219
37.75149 -122.39496 0 1212161159
37.7515 -122.39499 0 1212161099
37.75147 -122.39503 0 1212161039
37.75148 -122.39502 0 1212160979
37.75148 -122.39501 0 1212160920
37.75148 -122.39501 0 1212160897
37.75158 -122.395 0 1212160837
37.75176 -122.39511 0 1212160786
37.75203 -122.3953 0 1212160717
37.75201 -122.39529 0 1212160662
37.75108 -122.39488 0 1212160597
