37.78038 -122.47722 0 1212991838
37.77602 -122.48969 0 1212991671
37.77371 -122.49048 0 1212991612
37.7731 -122.49043 1 1212991484
37.77242 -122.48769 1 1212991427
37.77258 -122.48389 1 1212991375
37.773 -122.4731 1 1212991298
37.77368 -122.46304 1 1212991243
37.7746 -122.45579 1 1212991200
37.77226 -122.45088 1 1212991060
37.7729 -122.44572 1 1212991013
37.77445 -122.43438 1 1212990964
37.77514 -122.42922 1 1212990893
37.77747 -122.41634 1 1212990788
37.77747 -122.41634 1 1212990758
37.7736 -122.41147 1 1212990700
37.77036 -122.40669 1 1212990642
37.7703 -122.40387 1 1212990589
37.77123 -122.40252 1 1212990518
37.77373 -122.39947 1 1212990470
37.77674 -122.39534 1 1212990430
37.77548 -122.39733 0 1212990360
37.77411 -122.40031 0 1212990299
37.76447 -122.39277 0 1212990239
37.76156 -122.38966 0 1212990179
37.75835 -122.38846 0 1212990118
37.75902 -122.38751 1 1212990074
37.759 -122.38756 1 1212990016
37.76213 -122.3879 1 1212989972
37.76518 -122.38889 1 1212989892
37.76694 -122.38923 1 1212989841
37.7732 -122.38995 1 1212989769
37.77719 -122.3949 1 1212989627
37.77657 -122.39561 0 1212989536
37.77452 -122.4006 0 1212989467
37.76603 -122.39382 0 1212989407
37.74668 -122.39361 0 1212989341
37.73299 -122.41284 0 1212989252
37.72181 -122.43498 0 1212988822
37.7232 -122.4369 0 1212988764
37.72677 -122.43592 0 1212988711
37.72682 -122.43588 1 1212988702
37.73073 -122.43083 1 1212988603
37.74861 -122.4041 1 1212988432
37.74882 -122.40403 0 1212988416
37.7578 -122.40461 0 1212988395
37.76644 -122.40528 0 1212988335
37.77867 -122.40573 0 1212988215
37.79269 -122.40307 0 1212985547
37.7928 -122.40319 0 1212985489
37.7928 -122.4032 1 1212985486
37.79208 -122.40376 1 1212985462
37.79516 -122.40335 1 1212985411
37.79741 -122.40602 1 1212985342
37.79824 -122.4071 1 1212985282
37.79929 -122.40878 1 1212985229
37.80088 -122.41117 1 1212985139
37.80352 -122.41501 1 1212985078
37.80529 -122.41827 1 1212985035
37.80771 -122.41583 1 1212984962
37.80837 -122.41589 1 1212984920
37.80891 -122.41342 1 1212984790
37.80859 -122.41239 1 1212984728
37.80805 -122.40888 1 1212984664
37.8052 -122.40319 1 1212984620
37.80353 -122.40133 1 1212984561
37.79916 -122.39744 1 1212984488
37.79462 -122.39302 1 1212984424
37.79326 -122.39331 1 1212984375
37.78979 -122.39719 1 1212984273
37.78558 -122.40144 1 1212984223
37.78558 -122.40144 0 1212984205
37.78529 -122.40086 1 1212984203
37.78529 -122.40086 1 1212984159
37.78573 -122.39838 1 1212984103
37.78896 -122.40236 1 1212984022
37.78861 -122.40609 1 1212983967
37.78776 -122.4084 1 1212983901
37.78779 -122.40878 0 1212983867
37.78778 -122.40883 0 1212983805
37.78774 -122.40907 0 1212983745
37.78831 -122.40862 0 1212983670
37.7879 -122.4115 0 1212983612
37.78731 -122.41536 0 1212983573
37.7872 -122.41663 1 1212983560
37.78722 -122.41694 1 1212983470
37.78446 -122.41781 1 1212983421
37.78446 -122.41782 1 1212983408
37.78441 -122.41788 0 1212983362
37.78457 -122.41469 0 1212983301
37.78782 -122.41167 0 1212982313
37.78746 -122.41476 0 1212982260
37.78681 -122.42024 0 1212982204
37.7852 -122.42184 0 1212982140
37.78207 -122.42051 0 1212982080
37.77909 -122.41993 0 1212982031
37.77882 -122.41572 0 1212981963
37.77872 -122.4158 0 1212981903
37.77875 -122.41575 0 1212981819
37.77874 -122.41579 0 1212981759
37.77874 -122.4158 0 1212981677
37.77857 -122.41586 0 1212981613
37.77881 -122.41588 0 1212981553
37.77828 -122.41569 0 1212981498
37.77891 -122.41573 0 1212981352
37.7788 -122.41581 0 1212981291
37.7788 -122.41582 0 1212981203
37.77892 -122.4158 0 1212981142
37.77886 -122.41572 0 1212981030
37.7786 -122.41561 0 1212980966
37.78133 -122.41565 0 1212980909
37.78536 -122.41623 0 1212980848
37.78536 -122.41623 1 1212980830
37.78479 -122.42082 1 1212980790
37.7756 -122.42101 1 1212980687
37.77032 -122.42534 1 1212980622
37.76721 -122.42917 1 1212980572
37.76581 -122.4334 0 1212980516
37.76419 -122.43619 0 1212980398
37.76419 -122.43619 1 1212980380
37.76418 -122.43615 1 1212980343
37.76283 -122.43514 1 1212980283
37.76387 -122.43372 1 1212980232
37.76427 -122.43315 1 1212980167
37.76793 -122.42849 1 1212980107
37.77089 -122.42462 1 1212980042
37.77195 -122.42322 1 1212979982
37.78111 -122.42431 1 1212979863
37.7872 -122.42515 1 1212979802
37.79318 -122.42611 1 1212979751
37.79441 -122.42276 1 1212979682
37.79386 -122.423 0 1212979680
37.79335 -122.42276 1 1212979651
37.79213 -122.42254 1 1212979580
37.79073 -122.42029 1 1212979520
37.79194 -122.41189 1 1212979460
37.79247 -122.40824 1 1212979400
37.79284 -122.40076 1 1212979345
37.79575 -122.40045 1 1212979280
37.79769 -122.40094 1 1212979225
37.79769 -122.40094 0 1212979219
37.80041 -122.40157 0 1212979164
37.80396 -122.40293 0 1212979099
37.80376 -122.40496 0 1212979043
37.80376 -122.40496 0 1212978919
37.80333 -122.40467 0 1212978858
37.80515 -122.40879 0 1212978748
37.80508 -122.41523 0 1212978675
37.80629 -122.41704 0 1212978619
37.8067 -122.41709 0 1212978569
37.80619 -122.41989 0 1212978504
37.80749 -122.41948 0 1212978452
37.7937 -122.40473 1 1212977638
37.78934 -122.40889 1 1212977236
37.78934 -122.40889 1 1212977205
37.78959 -122.40644 1 1212977141
37.78704 -122.43523 1 1212974579
37.78704 -122.43523 1 1212974531
37.78698 -122.4352 0 1212974508
37.78698 -122.4352 1 1212974506
37.78847 -122.43543 1 1212974460
37.79875 -122.43734 1 1212974218
37.79762 -122.43554 1 1212974122
37.78885 -122.42364 1 1212973864
37.78885 -122.42364 1 1212973823
37.78563 -122.42301 1 1212973763
37.78637 -122.41618 1 1212973760
37.78637 -122.41618 1 1212973698
37.78637 -122.41618 1 1212973636
37.78501 -122.41952 0 1212973357
37.782 -122.42053 0 1212973297
37.77878 -122.41992 0 1212973237
37.77637 -122.4212 0 1212973177
37.77767 -122.42305 0 1212973103
37.77767 -122.42305 1 1212973102
37.78213 -122.42395 1 1212973060
37.78604 -122.42474 1 1212972995
37.78927 -122.42361 1 1212972940
37.79073 -122.4128 1 1212972804
37.79152 -122.41032 1 1212972775
37.79193 -122.41042 0 1212972769
37.79099 -122.41712 1 1212972762
37.79099 -122.41712 1 1212972610
37.78693 -122.43415 1 1212972336
37.78586 -122.44239 1 1212972290
37.78647 -122.44328 1 1212971943
37.78793 -122.43263 1 1212971888
37.78879 -122.42792 1 1212971823
37.78884 -122.42767 0 1212971821
37.78983 -122.42054 1 1212971819
37.78717 -122.42334 1 1212971549
37.78284 -122.42131 1 1212971409
37.78265 -122.42271 0 1212971345
37.78263 -122.42281 1 1212971337
37.78616 -122.4251 1 1212971282
37.78555 -122.4297 1 1212971211
37.78546 -122.4305 0 1212971201
37.78537 -122.4312 1 1212971186
37.78479 -122.43312 0 1212971124
37.7846 -122.43254 0 1212971102
37.78462 -122.4324 1 1212971094
37.78542 -122.42595 1 1212971045
37.78549 -122.42269 1 1212970985
37.78771 -122.41301 0 1212970426
37.78676 -122.42167 0 1212970355
37.78676 -122.42167 0 1212970269
37.78552 -122.43021 0 1212970209
37.77304 -122.44612 1 1212969065
37.77346 -122.44608 1 1212968964
37.77858 -122.44679 1 1212968903
37.78039 -122.44721 1 1212968843
37.78642 -122.44671 1 1212968787
37.78755 -122.43777 1 1212968723
37.78948 -122.42926 1 1212968645
37.79249 -122.42567 0 1212968644
37.79249 -122.42567 0 1212968594
37.79249 -122.42567 0 1212968579
37.79264 -122.42567 1 1212968578
37.79597 -122.42314 1 1212968525
37.7791 -122.39533 0 1212966697
37.77914 -122.39534 0 1212966637
37.77844 -122.3963 0 1212966577
37.77782 -122.39699 0 1212966517
37.77782 -122.39699 1 1212966516
37.77697 -122.3982 1 1212966491
37.78439 -122.40878 1 1212966352
37.78804 -122.41113 1 1212966292
37.78642 -122.42177 1 1212966286
37.78642 -122.42177 1 1212966147
37.79112 -122.42569 1 1212966042
37.79236 -122.42944 1 1212966008
37.79236 -122.42944 1 1212965982
37.79091 -122.4324 1 1212965921
37.79028 -122.43221 0 1212965861
37.79044 -122.43122 0 1212965837
37.78994 -122.42945 0 1212965777
37.79083 -122.42781 0 1212965726
37.79078 -122.42769 1 1212965714
37.79078 -122.42769 1 1212965556
37.79243 -122.42603 1 1212965434
37.79599 -122.41952 1 1212965190
37.79745 -122.40934 1 1212965117
37.79449 -122.40478 1 1212964901
37.78794 -122.39986 1 1212964679
37.78869 -122.40182 1 1212964609
37.7928 -122.40283 1 1212964518
37.80106 -122.41139 1 1212964483
37.80106 -122.41139 1 1212964433
37.80106 -122.41139 1 1212964309
37.80288 -122.41408 1 1212964166
37.80887 -122.41322 0 1212963613
37.80626 -122.41625 1 1212963242
37.8022 -122.41801 1 1212963122
37.80212 -122.41832 1 1212963067
37.80202 -122.4191 1 1212963007
37.80003 -122.41944 1 1212962948
37.79757 -122.41032 1 1212962796
37.79503 -122.40979 1 1212962736
37.79181 -122.40904 1 1212962664
37.78833 -122.40831 1 1212962571
37.78648 -122.40826 1 1212962505
37.78434 -122.40877 0 1212962115
37.78436 -122.40917 0 1212962055
37.78585 -122.41057 0 1212961362
37.78341 -122.4095 0 1212961301
37.7841 -122.40833 0 1212961241
37.7841 -122.40833 1 1212961239
37.78412 -122.40813 1 1212961211
37.78575 -122.41008 1 1212961151
37.78829 -122.4102 1 1212961096
37.79172 -122.4109 1 1212961011
37.79742 -122.41721 1 1212960810
37.80087 -122.41785 1 1212960755
37.80129 -122.41793 0 1212960748
37.80218 -122.41812 1 1212960741
37.8058 -122.4177 1 1212960390
37.79483 -122.40981 1 1212960089
37.79208 -122.40921 1 1212960034
37.78845 -122.40835 1 1212960008
37.78763 -122.40816 1 1212959865
37.78769 -122.40814 0 1212959751
37.78743 -122.40848 0 1212959749
37.78743 -122.40848 0 1212959570
37.78531 -122.42116 0 1212959299
37.78531 -122.42116 1 1212959286
37.78566 -122.42131 1 1212959234
37.78971 -122.42218 1 1212959156
37.8004 -122.42449 1 1212959150
37.8004 -122.42449 1 1212958994
37.80423 -122.4247 1 1212958878
37.80538 -122.41558 1 1212958786
37.8075 -122.4138 1 1212958662
37.80755 -122.41366 0 1212958617
37.80754 -122.41366 1 1212958606
37.80838 -122.41029 1 1212958502
37.80526 -122.40338 1 1212958245
37.80381 -122.40165 1 1212958200
37.80218 -122.39986 1 1212958065
37.79436 -122.39276 1 1212957884
37.77907 -122.3929 0 1212957466
37.77838 -122.39161 0 1212957401
37.78031 -122.38961 0 1212957341
37.7803 -122.38961 1 1212957339
37.77915 -122.39241 1 1212957298
37.79164 -122.41092 0 1212956312
37.79529 -122.41154 0 1212956113
37.79529 -122.41154 1 1212956096
37.79282 -122.41088 1 1212956081
37.79282 -122.41088 1 1212955997
37.78647 -122.41183 1 1212955862
37.78647 -122.41183 1 1212955818
37.78655 -122.40869 0 1212955634
37.78679 -122.40933 0 1212955567
37.78844 -122.40654 0 1212955488
37.78844 -122.40654 0 1212955466
37.78642 -122.41266 0 1212955319
37.78642 -122.41266 0 1212955298
37.78642 -122.41266 0 1212955276
37.78618 -122.42433 0 1212953107
37.78618 -122.42433 0 1212952996
37.78583 -122.42812 0 1212952990
37.78583 -122.42812 0 1212952962
37.78583 -122.42812 0 1212952944
37.78953 -122.42879 0 1212952874
37.78977 -122.43397 0 1212952820
37.79095 -122.4323 0 1212952756
37.79054 -122.43217 0 1212952693
37.79064 -122.4318 0 1212952633
37.79062 -122.43178 1 1212952348
37.78992 -122.43323 1 1212952288
37.78903 -122.4338 1 1212952227
37.78871 -122.43372 1 1212952167
37.78957 -122.38879 1 1212951348
37.79516 -122.39456 1 1212951302
37.79732 -122.39652 1 1212951256
37.80095 -122.39868 1 1212951179
37.79542 -122.3948 1 1212950852
37.79542 -122.3948 1 1212950837
37.79458 -122.39388 1 1212950777
37.79254 -122.39089 1 1212950717
37.79052 -122.39017 1 1212950657
37.789 -122.39231 1 1212950597
37.78711 -122.39482 1 1212950537
37.78382 -122.39876 1 1212950477
37.78374 -122.39876 0 1212950470
37.78373 -122.39875 1 1212950469
37.78379 -122.39876 1 1212950433
37.7827 -122.39781 1 1212950373
37.789 -122.40204 1 1212950189
37.78726 -122.41672 0 1212949548
37.78726 -122.41672 0 1212949480
37.78797 -122.40839 0 1212949304
37.78848 -122.40735 1 1212949100
37.78848 -122.40735 1 1212949079
37.78851 -122.40786 1 1212949041
37.78851 -122.40786 1 1212949020
37.7861 -122.42486 1 1212948866
37.78536 -122.43152 1 1212948821
37.78536 -122.43152 1 1212948801
37.78703 -122.4336 1 1212948741
37.78703 -122.4336 0 1212948715
37.78835 -122.43544 0 1212948650
37.7888 -122.43378 0 1212948590
37.78759 -122.43357 0 1212948529
37.78433 -122.43285 0 1212948469
37.78307 -122.43935 0 1212948382
37.77789 -122.43824 0 1212948297
37.77502 -122.4377 0 1212948234
37.77312 -122.43877 0 1212948191
37.77063 -122.44514 0 1212948166
37.77063 -122.44514 0 1212948144
37.77063 -122.44514 0 1212948083
37.77063 -122.44514 0 1212948061
37.77072 -122.44456 1 1212948051
37.77035 -122.44328 1 1212947957
37.7707 -122.43683 1 1212947897
37.76674 -122.43557 1 1212947818
37.76445 -122.43467 1 1212947758
37.77289 -122.419 1 1212947352
37.77402 -122.41769 1 1212947292
37.77922 -122.41099 1 1212947232
37.78104 -122.40864 1 1212947172
37.78557 -122.40283 1 1212947112
37.78299 -122.39802 1 1212947052
37.78016 -122.39471 1 1212946996
37.77909 -122.39296 0 1212946982
37.77492 -122.38973 0 1212946917
37.76438 -122.38859 0 1212946857
37.76418 -122.38801 0 1212946797
37.76424 -122.3871 0 1212946724
37.76424 -122.3871 1 1212946718
37.76324 -122.38864 1 1212946659
37.76381 -122.39317 1 1212946594
37.77575 -122.40281 1 1212946538
37.77226 -122.40728 1 1212946478
37.77111 -122.40876 1 1212946418
37.7824 -122.44752 1 1212945860
37.77989 -122.44182 0 1212944860
37.77989 -122.44182 0 1212944840
37.77998 -122.44027 1 1212944838
37.78632 -122.38958 0 1212914790
37.78789 -122.38795 0 1212914744
37.79362 -122.39256 0 1212914679
37.79978 -122.3984 0 1212914619
37.80645 -122.40703 0 1212914499
37.80511 -122.41018 0 1212914448
37.80264 -122.40802 0 1212914378
37.80264 -122.40802 1 1212914376
37.80042 -122.40818 1 1212914316
37.80024 -122.41046 1 1212914255
37.79936 -122.41568 1 1212914209
37.79892 -122.41983 1 1212914139
37.79837 -122.42431 1 1212914082
37.79769 -122.43102 1 1212913958
37.79711 -122.43565 0 1212913865
37.79841 -122.43583 0 1212913810
37.79973 -122.43655 0 1212913740
37.80013 -122.44131 0 1212913679
37.79962 -122.44627 0 1212913585
37.79842 -122.44741 0 1212913525
37.7989 -122.45277 0 1212913477
37.79384 -122.45561 1 1212913379
37.79735 -122.45398 1 1212913269
37.79519 -122.45198 1 1212913209
37.79031 -122.44731 1 1212913151
37.78704 -122.44656 1 1212913087
37.78516 -122.44639 1 1212912981
37.78306 -122.44712 1 1212912914
37.77287 -122.44551 1 1212912782
37.77306 -122.43799 1 1212912739
37.77095 -122.43708 1 1212912662
37.76996 -122.43702 1 1212912602
37.76716 -122.43588 1 1212912542
37.76588 -122.43125 1 1212912482
37.76461 -122.43094 1 1212912425
37.76117 -122.42837 1 1212912322
37.75694 -122.42797 1 1212912261
37.75154 -122.42743 1 1212912213
37.752 -122.43863 0 1212912053
37.752 -122.43863 1 1212912019
37.75331 -122.42591 1 1212911785
37.75472 -122.42329 1 1212911736
37.75676 -122.42354 1 1212911674
37.75994 -122.42428 1 1212911605
37.76017 -122.4194 1 1212911560
37.7616 -122.41947 0 1212911531
37.7616 -122.41947 1 1212911480
37.76627 -122.41985 1 1212911414
37.77182 -122.42035 1 1212911363
37.77642 -122.41466 1 1212911241
37.77875 -122.41163 1 1212911184
37.78406 -122.40855 1 1212911053
37.78626 -122.40992 1 1212910995
37.79096 -122.40936 1 1212910873
37.79458 -122.40981 1 1212910829
37.79745 -122.41038 1 1212910753
37.79986 -122.41094 1 1212910693
37.80552 -122.41367 1 1212910577
37.80679 -122.41411 1 1212910538
37.80656 -122.41386 0 1212910498
37.80609 -122.4105 1 1212910434
37.80571 -122.40389 1 1212910366
37.80432 -122.40205 1 1212910315
37.79851 -122.39678 1 1212910248
37.7934 -122.39191 1 1212910193
37.78748 -122.39421 1 1212910070
37.77949 -122.40436 1 1212909910
37.7726 -122.41296 1 1212909790
37.77261 -122.41296 0 1212909775
37.77005 -122.40362 0 1212909557
37.76874 -122.40392 0 1212909494
37.76729 -122.40383 0 1212909453
37.76473 -122.40285 0 1212909374
37.76512 -122.39645 0 1212909256
37.76298 -122.39044 0 1212909132
37.76425 -122.3933 1 1212909050
37.7653 -122.39374 1 1212908975
37.77612 -122.40256 1 1212908918
37.77927 -122.40664 1 1212908856
37.78329 -122.40275 1 1212908795
37.78348 -122.40246 1 1212908744
37.78503 -122.40002 1 1212908675
37.78504 -122.40002 0 1212908672
37.78628 -122.39897 0 1212908585
37.78177 -122.39231 0 1212908519
37.78091 -122.39333 0 1212908485
37.78004 -122.39444 0 1212908386
37.77867 -122.39344 1 1212908273
37.7787 -122.39692 1 1212908226
37.77988 -122.39845 1 1212908172
37.78506 -122.4054 1 1212908052
37.78635 -122.40804 1 1212907999
37.78599 -122.41001 1 1212907937
37.78593 -122.41114 1 1212907876
37.78593 -122.41114 0 1212907856
37.78707 -122.40916 1 1212907582
37.78752 -122.40807 1 1212907517
37.78785 -122.40636 1 1212907460
37.78454 -122.40042 1 1212907392
37.78128 -122.39581 1 1212907171
37.76946 -122.40783 1 1212906961
37.76443 -122.40731 1 1212906900
37.76222 -122.40718 1 1212906838
37.75703 -122.40684 1 1212906780
37.75471 -122.40704 1 1212906724
37.754 -122.40576 1 1212906674
37.75449 -122.40519 0 1212906583
37.75615 -122.40538 0 1212906524
37.75615 -122.40538 1 1212906515
37.7636 -122.40775 1 1212906414
37.77051 -122.42004 1 1212906230
37.7724 -122.42127 1 1212906173
37.77473 -122.42279 1 1212906104
37.77444 -122.42663 1 1212906054
37.77182 -122.4429 1 1212905918
37.77056 -122.43957 0 1212905847
37.78897 -122.44079 1 1212905323
37.78865 -122.44182 0 1212905302
37.78807 -122.44095 1 1212905236
37.78836 -122.43836 1 1212905165
37.7903 -122.42564 1 1212905044
37.79124 -122.42192 1 1212904984
37.79147 -122.42098 1 1212904923
37.79119 -122.42068 0 1212904894
37.78776 -122.42008 0 1212904834
37.78737 -122.42003 0 1212904779
37.78512 -122.40057 1 1212903367
37.79542 -122.40297 1 1212902965
37.79659 -122.40518 1 1212902906
37.80007 -122.40999 1 1212902708
37.80608 -122.41826 0 1212902390
37.80581 -122.41816 0 1212902331
37.8037 -122.41505 0 1212902270
37.80359 -122.41492 0 1212902208
37.80348 -122.41478 1 1212902202
37.80164 -122.41206 1 1212902087
37.7979 -122.40657 1 1212901961
37.79831 -122.40201 1 1212901915
37.79361 -122.39582 1 1212899543
37.79346 -122.39373 1 1212899494
37.79624 -122.39476 1 1212899417
37.79522 -122.39392 1 1212899359
37.79286 -122.39124 1 1212899296
37.79077 -122.3896 0 1212899295
37.79077 -122.3896 1 1212899226
37.78988 -122.38912 1 1212899159
37.79394 -122.39573 1 1212899002
37.7936 -122.39717 1 1212898932
37.79221 -122.40367 1 1212898795
37.7923 -122.40698 1 1212898733
37.79166 -122.41035 1 1212898673
37.79179 -122.41074 1 1212898558
37.7932 -122.40946 1 1212898498
37.79444 -122.40973 1 1212898448
37.79497 -122.40791 1 1212898394
37.79496 -122.4068 1 1212898325
37.79512 -122.40486 1 1212898140
37.79512 -122.40486 0 1212898136
37.79069 -122.40379 1 1212898049
37.78889 -122.40423 1 1212897989
37.78854 -122.40727 1 1212897928
37.78791 -122.41221 1 1212897868
37.78684 -122.42101 1 1212897748
37.78617 -122.42497 1 1212897688
37.78533 -122.42888 1 1212897627
37.78565 -122.42809 1 1212897438
37.78316 -122.42453 1 1212897385
37.78354 -122.42331 1 1212897334
37.78415 -122.41931 1 1212897283
37.7843 -122.41759 1 1212897218
37.78413 -122.41302 1 1212897148
37.78591 -122.40964 1 1212897103
37.78566 -122.41071 1 1212897048
37.78552 -122.41084 0 1212897025
37.78566 -122.41448 0 1212896969
37.78516 -122.41928 0 1212896904
37.78778 -122.41997 0 1212896808
37.78808 -122.41799 0 1212896739
37.78808 -122.41799 1 1212896736
37.7881 -122.41759 1 1212896682
37.78868 -122.41391 1 1212896621
37.79152 -122.41431 1 1212896566
37.79256 -122.41013 1 1212896506
37.79253 -122.4062 1 1212896444
37.79446 -122.40016 1 1212896344
37.79362 -122.39998 1 1212896280
37.79414 -122.40041 1 1212896241
37.79364 -122.40023 0 1212896237
37.79421 -122.40054 0 1212896176
37.79477 -122.40297 0 1212896113
37.79585 -122.40477 0 1212896047
37.79782 -122.40671 0 1212895992
37.7963 -122.41811 0 1212895931
37.79603 -122.4204 0 1212895867
37.79667 -122.42226 0 1212895826
37.79959 -122.42275 0 1212895746
37.7996 -122.4239 0 1212895696
37.7996 -122.4239 1 1212895685
37.80102 -122.42463 1 1212895634
37.80137 -122.42473 1 1212895580
37.80305 -122.42522 1 1212895499
37.80425 -122.42525 1 1212895450
37.80609 -122.42389 1 1212895391
37.80764 -122.42063 1 1212895278
37.80804 -122.41614 1 1212895108
37.80878 -122.41265 0 1212894992
37.80384 -122.41316 0 1212894856
37.80017 -122.4125 0 1212894797
37.79909 -122.41223 0 1212894742
37.79456 -122.41129 0 1212894678
37.79295 -122.41097 0 1212894621
37.79116 -122.41239 0 1212894559
37.78916 -122.41199 0 1212894492
37.78737 -122.40965 0 1212894442
37.78338 -122.40668 1 1212892917
37.78299 -122.4065 1 1212892833
37.78299 -122.4065 0 1212892819
37.78544 -122.403 0 1212892677
37.78544 -122.40301 1 1212892642
37.78535 -122.40306 1 1212892606
37.7857 -122.40286 1 1212892589
37.79548 -122.40344 1 1212892362
37.79749 -122.40647 1 1212892306
37.7959 -122.41903 1 1212892244
37.79686 -122.42387 1 1212892182
37.80074 -122.42452 1 1212892120
37.80058 -122.42949 1 1212892053
37.79928 -122.43808 1 1212891931
37.801 -122.43538 0 1212891656
37.80147 -122.43168 0 1212891579
37.80162 -122.42958 0 1212891518
37.80163 -122.4296 1 1212891517
37.801 -122.42623 1 1212891459
37.79636 -122.42553 1 1212891400
37.79029 -122.42405 1 1212891340
37.78988 -122.42075 1 1212891273
37.79142 -122.41767 1 1212891212
37.79266 -122.41934 0 1212891178
37.79411 -122.41977 0 1212891128
37.79407 -122.41979 1 1212891115
37.7955 -122.41986 1 1212891060
37.80011 -122.41893 1 1212890871
37.80299 -122.421 1 1212890827
37.80243 -122.42148 1 1212890741
37.79929 -122.4208 1 1212890678
37.79812 -122.42236 1 1212890617
37.79834 -122.42238 0 1212890613
37.80082 -122.42276 0 1212890551
37.80539 -122.42344 0 1212890422
37.80764 -122.42063 0 1212890316
37.80822 -122.41645 0 1212890203
37.80852 -122.41403 0 1212890124
37.80845 -122.41149 0 1212890078
37.80716 -122.40901 0 1212890016
37.80665 -122.41179 0 1212889969
37.802 -122.41288 0 1212889831
37.80022 -122.41258 0 1212889771
37.80025 -122.41231 1 1212889769
37.80032 -122.41042 1 1212889729
37.79815 -122.407 1 1212889598
37.7983 -122.40225 1 1212889532
37.79437 -122.40289 0 1212889253
37.79643 -122.40531 0 1212889198
37.79742 -122.40612 0 1212889153
37.79795 -122.40664 0 1212889072
37.79796 -122.40686 0 1212889015
37.79796 -122.40687 1 1212889011
37.79732 -122.4105 1 1212888950
37.79592 -122.42188 1 1212888895
37.79515 -122.42489 1 1212888836
37.79091 -122.4241 1 1212888775
37.79015 -122.42417 1 1212888711
37.7893 -122.43066 1 1212888654
37.78907 -122.43247 1 1212888594
37.78809 -122.44042 1 1212888530
37.78737 -122.44545 1 1212888470
37.78705 -122.44813 0 1212888442
37.7869 -122.45351 0 1212888320
37.78743 -122.4532 1 1212888319
37.78748 -122.45275 1 1212888299
37.78773 -122.45065 1 1212888222
37.78756 -122.44681 1 1212888156
37.78803 -122.44113 1 1212888096
37.78895 -122.43392 1 1212888035
37.78938 -122.43033 1 1212887977
37.79025 -122.42372 1 1212887914
37.79074 -122.41954 1 1212887854
37.79162 -122.41352 1 1212887794
37.79194 -122.41065 1 1212887734
37.79239 -122.40715 1 1212887674
37.79307 -122.40351 1 1212887613
37.79326 -122.40013 1 1212887552
37.79332 -122.39995 1 1212887523
37.79497 -122.40046 1 1212887463
37.79552 -122.40183 0 1212887192
37.79941 -122.40121 0 1212887122
37.80269 -122.40217 0 1212887065
37.80276 -122.40195 1 1212887059
37.80523 -122.40403 1 1212886972
37.80627 -122.40749 1 1212886898
37.8057 -122.4123 1 1212886838
37.80531 -122.41503 1 1212886779
37.80484 -122.41912 1 1212886723
37.80264 -122.42658 1 1212886595
37.8026 -122.42654 1 1212886535
37.7988 -122.42572 1 1212886474
37.79302 -122.42445 1 1212886422
37.79002 -122.42391 1 1212886351
37.7893 -122.42226 1 1212886292
37.78794 -122.42606 1 1212886231
37.78621 -122.42657 1 1212886170
37.78621 -122.42657 0 1212886165
37.78621 -122.42657 1 1212886163
37.78667 -122.42493 1 1212886110
37.79115 -122.42406 1 1212886051
37.79104 -122.42223 1 1212885989
37.79105 -122.42226 1 1212885929
37.79101 -122.42235 1 1212885867
37.78821 -122.42181 1 1212885807
37.78588 -122.42061 1 1212885747
37.78692 -122.412 1 1212885689
37.78727 -122.41128 1 1212885626
37.78734 -122.41122 0 1212885623
37.78732 -122.41102 0 1212885506
37.78733 -122.41102 0 1212885447
37.78728 -122.41102 0 1212885385
37.78728 -122.41102 0 1212885226
37.78724 -122.41111 0 1212885167
37.78721 -122.41112 0 1212885106
37.78727 -122.41106 0 1212885045
37.78728 -122.41104 0 1212884984
37.78727 -122.41104 0 1212884893
37.78729 -122.411 0 1212884833
37.78741 -122.41093 0 1212884773
37.78733 -122.40843 0 1212884713
37.78747 -122.40843 0 1212884653
37.78762 -122.40844 0 1212884593
37.78783 -122.40841 1 1212884589
37.78879 -122.40835 1 1212884517
37.79009 -122.40722 1 1212884457
37.79315 -122.40484 1 1212884396
37.79427 -122.40301 1 1212884341
37.79566 -122.40231 1 1212884276
37.79496 -122.40136 1 1212884235
37.79482 -122.40331 0 1212884183
37.79588 -122.40503 0 1212884117
37.79526 -122.4045 0 1212884064
37.79486 -122.40477 1 1212884038
37.79399 -122.4045 1 1212883977
37.79549 -122.40336 1 1212883922
37.7967 -122.40502 1 1212883857
37.79722 -122.41052 1 1212883796
37.79601 -122.42131 1 1212883735
37.79588 -122.42352 1 1212883674
37.80115 -122.42467 1 1212883595
37.80064 -122.42949 1 1212883531
37.80022 -122.43248 1 1212883476
37.7996 -122.43779 1 1212883409
37.79901 -122.44264 1 1212883349
37.79883 -122.44404 1 1212883329
37.80084 -122.44645 1 1212883269
37.80277 -122.44685 1 1212883213
37.80379 -122.45129 1 1212883149
37.80258 -122.46653 1 1212883099
37.8064 -122.47504 1 1212883028
37.80778 -122.47463 1 1212882971
37.80775 -122.47465 0 1212882952
37.80775 -122.47464 1 1212882950
37.80689 -122.47448 1 1212882902
37.80197 -122.46335 1 1212882856
37.80435 -122.44929 1 1212882793
37.80562 -122.4446 1 1212882731
37.80623 -122.43995 1 1212882661
37.80656 -122.43712 1 1212882605
37.80507 -122.43341 1 1212882541
37.80365 -122.42983 1 1212882485
37.80628 -122.42376 1 1212882361
37.80662 -122.42141 1 1212882317
37.80746 -122.4207 1 1212882257
37.80814 -122.41676 1 1212882192
37.80866 -122.41247 1 1212882130
37.80843 -122.40999 1 1212882060
37.80842 -122.41 0 1212882054
37.80845 -122.40999 1 1212882029
37.80645 -122.4107 1 1212881974
37.80369 -122.40991 1 1212881915
37.79978 -122.40904 1 1212881844
37.79858 -122.40769 1 1212881787
37.79689 -122.40534 1 1212881723
37.79174 -122.40385 1 1212881624
37.78753 -122.40319 1 1212881563
37.78613 -122.40209 1 1212881504
37.78578 -122.40242 1 1212881442
37.78337 -122.40558 1 1212881381
37.78099 -122.40856 1 1212881320
37.77785 -122.41266 1 1212881266
37.7762 -122.41462 1 1212881199
37.77501 -122.41596 0 1212881147
37.76939 -122.42001 0 1212881093
37.76804 -122.41994 0 1212881028
37.76527 -122.41964 0 1212880977
37.76141 -122.41935 0 1212880908
37.75713 -122.41892 0 1212880854
37.75436 -122.41868 0 1212880798
37.75212 -122.41905 0 1212880737
37.75288 -122.42088 0 1212880673
37.75712 -122.42127 0 1212880608
37.76133 -122.42176 0 1212880559
37.76159 -122.42181 1 1212880443
37.76162 -122.42182 1 1212880373
37.76166 -122.42178 1 1212880339
37.76406 -122.42186 1 1212880278
37.77259 -122.42253 1 1212880163
37.77375 -122.42242 1 1212880096
37.77688 -122.42313 1 1212880036
37.7795 -122.42365 1 1212879990
37.78588 -122.4248 1 1212879915
37.78916 -122.42549 1 1212879855
37.78977 -122.4276 1 1212879796
37.78813 -122.43362 1 1212879734
37.78747 -122.4335 0 1212879691
37.78522 -122.43365 0 1212879628
37.78542 -122.43131 0 1212879570
37.78427 -122.431 0 1212879507
37.78095 -122.43037 0 1212879448
37.77872 -122.42993 0 1212879384
37.77811 -122.42917 0 1212879325
37.77811 -122.42917 1 1212879322
37.77822 -122.42705 1 1212879294
37.78025 -122.42372 1 1212879231
37.78612 -122.42482 1 1212879174
37.78882 -122.42546 1 1212879135
37.79031 -122.42274 1 1212879074
37.79037 -122.42208 1 1212879013
37.79088 -122.42045 1 1212878955
37.79102 -122.41781 1 1212878903
37.79199 -122.41069 1 1212878833
37.7924 -122.4087 1 1212878776
37.79285 -122.40533 1 1212878716
37.79371 -122.40098 1 1212878662
37.79441 -122.39788 1 1212878591
37.79479 -122.39671 1 1212878546
37.79481 -122.39675 0 1212878509
37.79467 -122.39665 0 1212878458
37.79464 -122.3966 0 1212878384
37.7947 -122.39662 0 1212878274
37.7947 -122.39663 0 1212878249
37.79469 -122.39666 0 1212878182
37.79485 -122.39677 0 1212878112
37.79482 -122.39693 0 1212878052
37.79491 -122.39705 0 1212878002
37.79457 -122.39649 0 1212877944
37.79433 -122.39654 0 1212877872
37.7941 -122.39644 0 1212877677
37.79527 -122.39675 0 1212877485
37.79529 -122.39687 0 1212877415
37.7942 -122.40063 0 1212877358
37.79118 -122.40409 0 1212877219
37.78982 -122.40377 0 1212877165
37.78592 -122.40246 0 1212876981
37.78461 -122.40397 0 1212876921
37.7849 -122.40375 0 1212876861
37.78634 -122.40492 0 1212876801
37.78415 -122.40714 0 1212876726
37.78337 -122.40857 0 1212876666
37.78145 -122.41058 0 1212876605
37.78023 -122.41269 0 1212876545
37.77808 -122.41538 0 1212876498
37.7781 -122.41532 0 1212876379
37.7781 -122.41532 1 1212876376
37.77888 -122.41471 1 1212876321
37.7807 -122.41243 1 1212876262
37.78078 -122.41227 1 1212876200
37.78292 -122.40953 1 1212876146
37.78606 -122.40968 1 1212876059
37.78615 -122.41087 1 1212875979
37.78615 -122.41087 0 1212875951
37.78603 -122.4111 0 1212875881
37.78603 -122.4111 0 1212875820
37.78589 -122.41096 0 1212875763
37.7859 -122.41094 0 1212875698
37.78597 -122.41069 0 1212875643
37.78612 -122.41115 0 1212875528
37.78611 -122.41117 0 1212875470
37.78605 -122.41106 0 1212875407
37.78602 -122.4111 0 1212875356
37.78608 -122.41115 0 1212875290
37.78716 -122.41011 0 1212875120
37.78757 -122.40833 0 1212875048
37.78761 -122.40842 1 1212875047
37.78764 -122.40846 1 1212875005
37.78891 -122.40863 1 1212874944
37.78911 -122.40878 1 1212874886
37.78933 -122.40594 1 1212874823
37.7878 -122.40501 1 1212874771
37.78686 -122.40491 1 1212874707
37.78686 -122.40494 0 1212874638
37.78829 -122.40288 1 1212874554
37.78919 -122.40744 1 1212874338
37.78889 -122.41032 0 1212873261
37.78901 -122.40967 0 1212873198
37.7894 -122.40688 0 1212873132
37.78805 -122.4083 1 1212872270
37.78521 -122.40854 1 1212872146
37.78459 -122.40859 1 1212872088
37.78626 -122.41002 1 1212871994
37.78786 -122.41054 0 1212871983
37.7858 -122.40932 0 1212870289
37.7858 -122.41062 0 1212870237
37.78515 -122.40886 0 1212870177
37.78526 -122.40659 0 1212870107
37.78177 -122.40524 0 1212870052
37.78176 -122.40517 0 1212870018
37.78319 -122.40324 0 1212869973
37.78435 -122.40139 0 1212869904
37.78485 -122.40034 0 1212869837
37.78475 -122.40015 0 1212869791
37.78007 -122.3941 0 1212869729
37.77683 -122.39494 0 1212869675
37.77534 -122.39512 0 1212869611
37.77183 -122.39793 0 1212869548
37.75893 -122.39224 0 1212869499
37.74554 -122.39452 0 1212869448
37.72941 -122.40298 0 1212869402
37.71841 -122.39901 0 1212869333
37.70544 -122.39408 0 1212869284
37.6923 -122.39111 0 1212869226
37.67528 -122.38856 0 1212869156
37.673 -122.38877 0 1212869094
37.67492 -122.38938 1 1212868978
37.68686 -122.3906 1 1212868901
37.69617 -122.39245 1 1212868857
37.70946 -122.39542 1 1212868808
37.72264 -122.40087 1 1212868743
37.73575 -122.40387 1 1212868696
37.76037 -122.39254 1 1212868591
37.76606 -122.39439 1 1212868577
37.77459 -122.40153 1 1212868521
37.77728 -122.40439 1 1212868450
37.78311 -122.40262 1 1212868297
37.78445 -122.40099 1 1212868228
37.78421 -122.40094 0 1212868169
37.78436 -122.40074 0 1212868110
37.78467 -122.40077 0 1212868055
37.78469 -122.4008 0 1212868001
37.78458 -122.40079 0 1212867930
37.78608 -122.39921 0 1212867873
37.78409 -122.39854 0 1212867755
37.78145 -122.39582 0 1212867693
37.77849 -122.39234 0 1212867632
37.77629 -122.39397 0 1212867572
37.77343 -122.39746 0 1212867522
37.75935 -122.39233 0 1212867461
37.74672 -122.39373 0 1212867401
37.7299 -122.40341 0 1212867367
37.72566 -122.40185 0 1212867306
37.70171 -122.39348 0 1212867217
37.67653 -122.38862 0 1212867124
37.6743 -122.3895 1 1212867099
37.67143 -122.39134 0 1212867087
37.615 -122.38512 0 1212866557
37.615 -122.38512 1 1212866551
37.61479 -122.39164 1 1212866423
37.63605 -122.40444 1 1212866351
37.71893 -122.39966 1 1212866006
37.73193 -122.40417 1 1212865961
37.74545 -122.3948 1 1212865902
37.76778 -122.39648 1 1212865812
37.784 -122.39291 0 1212821517
37.78669 -122.38931 0 1212821452
37.78722 -122.3884 0 1212821402
37.78983 -122.39117 0 1212821331
37.79426 -122.39307 0 1212821270
37.79915 -122.39796 0 1212821209
37.7982 -122.40392 0 1212821149
37.79785 -122.40543 0 1212821088
37.79639 -122.40503 0 1212821027
37.79217 -122.40406 1 1212820906
37.78879 -122.40521 1 1212820851
37.78555 -122.40777 0 1212820666
37.78466 -122.40808 0 1212820611
37.78592 -122.41077 0 1212820546
37.78501 -122.40926 0 1212820486
37.78198 -122.40551 0 1212820376
37.78197 -122.40548 0 1212820327
37.78208 -122.4057 1 1212820320
37.78443 -122.40379 1 1212820163
37.78224 -122.40705 1 1212820098
37.7791 -122.41105 1 1212820042
37.77641 -122.41931 1 1212819923
37.77381 -122.43082 1 1212819796
37.77417 -122.42852 0 1212819582
37.77573 -122.42609 0 1212819527
37.77573 -122.42609 1 1212819522
37.7791 -122.42361 1 1212819453
37.7849 -122.42472 1 1212819399
37.78916 -122.42583 1 1212819333
37.79324 -122.42636 1 1212819289
37.79397 -122.42123 1 1212819213
37.79263 -122.42085 1 1212819153
37.79144 -122.42059 1 1212819098
37.79134 -122.42052 0 1212819077
37.79024 -122.4221 0 1212819021
37.78915 -122.42153 1 1212818918
37.78688 -122.42111 1 1212818859
37.784 -122.41985 1 1212818747
37.78581 -122.41006 1 1212818371
37.79247 -122.41075 1 1212818154
37.79064 -122.41188 1 1212818030
37.78795 -122.41201 1 1212817979
37.79198 -122.40819 1 1212817558
37.79311 -122.40938 1 1212817494
37.79459 -122.4112 1 1212817438
37.79725 -122.41189 1 1212817373
37.80119 -122.4128 1 1212817313
37.80238 -122.41301 1 1212817258
37.80556 -122.41352 1 1212817193
37.80638 -122.41437 1 1212816892
37.80644 -122.41436 0 1212816830
37.80694 -122.41068 0 1212816766
37.80666 -122.4055 0 1212816704
37.80485 -122.40276 0 1212816643
37.80067 -122.3988 0 1212816583
37.79654 -122.39509 0 1212816521
37.79366 -122.39224 0 1212816462
37.7864 -122.38773 0 1212816400
37.78036 -122.38879 0 1212816340
37.77584 -122.39431 0 1212816279
37.77117 -122.39784 0 1212816219
37.7583 -122.39222 0 1212816160
37.74469 -122.39508 0 1212816105
37.73134 -122.40407 0 1212816071
37.72245 -122.40054 0 1212816017
37.70945 -122.39507 0 1212815960
37.69626 -122.39213 0 1212815918
37.68899 -122.39051 0 1212815880
37.67557 -122.38883 0 1212815831
37.66427 -122.39816 0 1212815780
37.65199 -122.40674 0 1212815722
37.63819 -122.40462 0 1212815671
37.62507 -122.40113 0 1212815620
37.61468 -122.39373 0 1212815561
37.61554 -122.38871 0 1212815129
37.61554 -122.38871 0 1212815115
37.61154 -122.39363 0 1212815055
37.60305 -122.3808 0 1212815001
37.59451 -122.36777 0 1212814952
37.58864 -122.36241 0 1212814887
37.58693 -122.36401 0 1212814826
37.58164 -122.3617 0 1212814771
37.57387 -122.35063 0 1212814706
37.571 -122.34954 0 1212814651
37.56987 -122.3491 1 1212814645
37.5675 -122.34816 1 1212814624
37.56649 -122.3473 1 1212814549
37.56667 -122.34737 1 1212814480
37.57537 -122.34642 1 1212814299
37.58073 -122.35995 1 1212814249
37.58352 -122.36504 1 1212814177
37.60301 -122.38133 1 1212813994
37.60524 -122.38475 0 1212813959
37.61545 -122.3984 1 1212813439
37.62202 -122.40078 0 1212813385
37.62202 -122.40078 1 1212813373
37.62613 -122.40223 1 1212813368
37.62809 -122.43277 1 1212813245
37.63911 -122.44148 1 1212813200
37.66105 -122.46496 1 1212813137
37.68769 -122.47122 1 1212813021
37.73029 -122.47003 1 1212812427
37.71734 -122.47243 1 1212812261
37.65468 -122.45686 1 1212812042
37.65468 -122.45686 1 1212811960
37.63077 -122.42444 1 1212811819
37.61635 -122.38599 1 1212811344
37.61634 -122.38601 0 1212810048
37.61641 -122.38597 0 1212809762
37.61639 -122.38597 0 1212809632
37.61644 -122.38601 0 1212809564
37.61644 -122.38601 0 1212809501
37.61569 -122.38807 1 1212809500
37.62075 -122.40035 1 1212809137
37.68231 -122.38916 1 1212808917
37.6958 -122.39233 1 1212808888
37.6958 -122.39233 1 1212808861
37.70931 -122.39532 1 1212808821
37.72204 -122.40081 1 1212808762
37.73544 -122.40463 1 1212808726
37.7459 -122.39429 1 1212808669
37.75924 -122.39255 1 1212808613
37.77175 -122.39847 1 1212808560
37.77624 -122.40291 1 1212808505
37.78043 -122.40619 1 1212808439
37.78232 -122.40395 1 1212808384
37.78808 -122.40396 1 1212808184
37.78828 -122.40487 1 1212808117
37.78711 -122.41146 1 1212808054
37.78729 -122.41446 1 1212808006
37.78765 -122.41491 0 1212807907
37.78696 -122.42062 0 1212807846
37.78652 -122.42289 0 1212807808
37.7819 -122.42241 0 1212807754
37.77928 -122.4218 0 1212807720
37.77317 -122.42185 0 1212807659
37.76936 -122.42658 0 1212807544
37.76559 -122.43134 0 1212807478
37.76191 -122.43613 0 1212807393
37.76191 -122.43613 0 1212807357
37.76181 -122.43623 1 1212807356
37.75655 -122.44143 1 1212807236
37.74996 -122.4433 1 1212807172
37.74703 -122.44442 1 1212807130
37.74685 -122.44521 0 1212807066
37.7453 -122.45198 0 1212807065
37.7453 -122.45198 0 1212807028
37.74338 -122.45131 0 1212807002
37.74338 -122.45131 0 1212806955
37.74321 -122.45117 1 1212806929
37.74328 -122.45117 1 1212806892
37.74313 -122.45126 1 1212806886
37.74474 -122.4533 1 1212806821
37.74576 -122.45162 1 1212806755
37.75692 -122.44278 1 1212806567
37.7605 -122.44646 1 1212806512
37.76177 -122.44661 1 1212806461
37.76553 -122.44607 1 1212806393
37.77012 -122.44688 1 1212806332
37.77113 -122.45821 0 1212806014
37.76975 -122.46743 0 1212805883
37.77098 -122.46832 1 1212805791
37.77108 -122.46807 1 1212805730
37.77244 -122.46405 1 1212805670
37.77142 -122.45816 1 1212805609
37.7729 -122.44961 1 1212805549
37.77519 -122.43146 1 1212805440
37.77583 -122.42461 1 1212805373
37.77602 -122.42321 1 1212805313
37.77873 -122.42323 1 1212805186
37.78193 -122.42184 1 1212805062
37.7821 -122.42029 1 1212804994
37.78261 -122.41628 1 1212804931
37.78334 -122.41064 1 1212804870
37.78344 -122.40903 1 1212804818
37.78588 -122.40967 0 1212804385
37.78587 -122.41013 0 1212804326
37.78588 -122.41099 0 1212804269
37.78608 -122.41307 0 1212804202
37.78608 -122.41307 1 1212804200
37.78684 -122.4131 1 1212804161
37.78642 -122.41334 1 1212804106
37.78509 -122.4115 1 1212804057
37.78142 -122.40913 1 1212803993
37.77894 -122.40613 1 1212803925
37.77905 -122.4019 1 1212803865
37.77996 -122.40053 1 1212803807
37.77989 -122.39422 1 1212803741
37.77826 -122.39181 1 1212803686
37.77916 -122.39077 0 1212803678
37.77922 -122.39069 1 1212803637
37.78034 -122.39028 1 1212803565
37.78393 -122.39446 1 1212803427
37.78689 -122.39962 1 1212803376
37.78883 -122.40236 1 1212803307
37.78664 -122.40503 1 1212803257
37.78655 -122.40677 1 1212803192
37.78687 -122.40979 1 1212803127
37.78737 -122.40829 1 1212803066
37.78764 -122.40831 1 1212803006
37.78783 -122.40833 0 1212802984
37.78784 -122.40832 0 1212802924
37.78791 -122.40838 0 1212802864
37.78791 -122.40837 0 1212802805
37.78793 -122.40833 0 1212802747
37.78797 -122.40835 0 1212802682
37.78802 -122.40838 1 1212802681
37.78834 -122.40835 1 1212802652
37.79004 -122.40881 1 1212802551
37.79053 -122.40886 1 1212802519
37.79186 -122.4092 1 1212802460
37.79245 -122.40939 1 1212802414
37.79336 -122.40953 1 1212802359
37.79669 -122.41008 1 1212802293
37.79766 -122.41034 1 1212802233
37.79859 -122.41063 1 1212802178
37.80132 -122.4111 1 1212802129
37.80444 -122.41169 1 1212802068
37.80597 -122.41196 1 1212802008
37.80606 -122.41285 1 1212801933
37.80778 -122.41238 1 1212801886
37.8084 -122.41006 1 1212801763
37.80841 -122.41004 0 1212801725
37.8084 -122.41002 0 1212801666
37.80841 -122.40988 0 1212801600
37.80839 -122.40988 1 1212801587
37.80794 -122.40919 1 1212801529
37.80694 -122.41064 1 1212801460
37.80162 -122.41107 1 1212801292
37.80017 -122.41044 1 1212801218
37.79815 -122.41043 1 1212801162
37.79647 -122.41002 1 1212801096
37.79482 -122.40976 1 1212801041
37.79193 -122.40917 1 1212800971
37.7902 -122.4089 1 1212800939
37.78833 -122.40898 1 1212800852
37.78819 -122.40913 1 1212800792
37.78877 -122.4103 1 1212800724
37.78903 -122.41033 0 1212800668
37.79183 -122.41084 0 1212800607
37.79185 -122.41133 0 1212800546
37.79156 -122.41317 0 1212800485
37.79096 -122.41771 0 1212800426
37.79249 -122.42115 0 1212800379
37.79249 -122.42115 0 1212800365
37.79549 -122.42161 0 1212800305
37.79544 -122.42175 0 1212800246
37.79545 -122.42175 1 1212800228
37.79586 -122.42 1 1212800166
37.79214 -122.41926 1 1212800106
37.78878 -122.41864 1 1212800046
37.78734 -122.41832 1 1212799986
37.78504 -122.41787 1 1212799925
37.78466 -122.41437 1 1212799865
37.78534 -122.41108 1 1212799805
37.7843 -122.40854 1 1212799745
37.78321 -122.40706 0 1212799611
37.78257 -122.40634 0 1212799551
37.78256 -122.40434 0 1212799490
37.7819 -122.40502 0 1212799436
37.78232 -122.4041 0 1212799370
37.78358 -122.40315 0 1212799320
37.78362 -122.40319 1 1212799308
37.78382 -122.40525 1 1212799263
37.78287 -122.40649 1 1212799204
37.78394 -122.40803 1 1212799154
37.78434 -122.40956 1 1212799083
37.78363 -122.41416 1 1212799024
37.78248 -122.41389 0 1212798994
37.78081 -122.41378 0 1212798936
37.78082 -122.41372 1 1212798932
37.79339 -122.40788 1 1212798398
37.79717 -122.40852 1 1212798276
37.79869 -122.40798 1 1212798151
37.79796 -122.40649 1 1212798091
37.79796 -122.40652 0 1212798089
37.79796 -122.40652 1 1212798086
37.79795 -122.40658 1 1212798066
37.79812 -122.4053 1 1212798001
37.7982 -122.40456 1 1212797952
37.79836 -122.40367 1 1212797901
37.79888 -122.39883 1 1212797826
37.79837 -122.39846 1 1212797771
37.79583 -122.39672 1 1212797646
37.79357 -122.39629 0 1212797435
37.79297 -122.39632 0 1212797370
37.79248 -122.39571 0 1212797310
37.79087 -122.39363 0 1212797243
37.79011 -122.39113 0 1212797192
37.79071 -122.39035 1 1212797182
37.79453 -122.39384 1 1212797063
37.79698 -122.39546 1 1212797008
37.79902 -122.3982 1 1212796942
37.79851 -122.40115 1 1212796891
37.79831 -122.40339 1 1212796840
37.79831 -122.40339 1 1212796824
37.79773 -122.40774 1 1212796778
37.7965 -122.41865 1 1212796712
37.79652 -122.42008 1 1212796643
37.79822 -122.4206 1 1212796586
37.79815 -122.42269 1 1212796529
37.79815 -122.42269 0 1212796517
37.79585 -122.42167 0 1212796456
37.79522 -122.42106 0 1212796396
37.7953 -122.42069 1 1212796382
37.79576 -122.4175 1 1212796331
37.79626 -122.41314 1 1212796274
37.79661 -122.40894 1 1212796201
37.79657 -122.40835 1 1212796141
37.7939 -122.4079 1 1212796080
37.7934 -122.4058 1 1212796025
37.79247 -122.4056 1 1212795944
37.79247 -122.4056 0 1212795942
37.79226 -122.40654 0 1212795882
37.79164 -122.41118 0 1212795822
37.7912 -122.41447 0 1212795762
37.79082 -122.41799 0 1212795702
37.79021 -122.4232 0 1212795642
37.78992 -122.42484 0 1212795581
37.78944 -122.42738 0 1212795521
37.7892 -122.43369 0 1212795461
37.78913 -122.43386 0 1212795411
37.79153 -122.43435 0 1212795341
37.79153 -122.43435 1 1212795321
37.79487 -122.435 1 1212795267
37.79709 -122.43551 1 1212795206
37.7972 -122.43525 0 1212795192
37.79759 -122.43206 0 1212795127
37.7968 -122.43045 0 1212795071
37.7942 -122.42972 0 1212795014
37.7935 -122.42944 1 1212794994
37.7932 -122.42839 1 1212794923
37.79089 -122.42515 1 1212794857
37.78962 -122.42383 1 1212794797
37.78951 -122.4217 1 1212794736
37.78984 -122.42022 1 1212794675
37.79055 -122.41537 1 1212794618
37.79105 -122.41146 1 1212794556
37.79209 -122.40445 0 1212794077
37.79058 -122.40539 0 1212794022
37.78817 -122.4054 0 1212793911
37.7875 -122.40342 0 1212793851
37.78631 -122.40193 1 1212793798
37.78617 -122.40207 1 1212793741
37.78436 -122.40452 1 1212793681
37.78285 -122.40656 1 1212793621
37.7838 -122.40788 1 1212793565
37.7875 -122.41046 0 1212792994
37.78745 -122.41045 0 1212792935
37.78606 -122.4099 0 1212792874
37.78605 -122.40992 0 1212792814
37.78602 -122.40991 0 1212792754
37.78602 -122.40991 0 1212792694
37.78606 -122.4098 0 1212792632
37.78589 -122.41202 0 1212792576
37.7869 -122.41059 0 1212792511
37.78685 -122.41053 1 1212792422
37.78752 -122.40646 1 1212792359
37.78777 -122.40351 1 1212792304
37.78695 -122.40292 1 1212792238
37.78516 -122.40065 1 1212792179
37.78237 -122.39721 1 1212792117
37.77981 -122.39396 1 1212792062
37.77592 -122.39415 1 1212791997
37.77596 -122.39419 1 1212791937
37.77504 -122.39543 1 1212791877
37.77392 -122.39688 1 1212791816
37.77341 -122.39746 1 1212791792
37.77276 -122.39781 1 1212791732
37.77005 -122.3977 1 1212791672
37.75806 -122.39217 1 1212791624
37.74444 -122.39519 1 1212791558
37.73045 -122.40361 1 1212791516
37.72192 -122.40033 1 1212791456
37.709 -122.39494 1 1212791410
37.68168 -122.38888 1 1212791321
37.65892 -122.40511 1 1212791212
37.61921 -122.39915 1 1212791075
37.61797 -122.38656 1 1212789594
37.61792 -122.38655 1 1212789500
37.61789 -122.38654 1 1212789448
37.61794 -122.38632 1 1212789377
37.61509 -122.39023 1 1212789320
37.6786 -122.38845 1 1212789019
37.69198 -122.39139 1 1212788986
37.69198 -122.39139 1 1212788969
37.7034 -122.39399 1 1212788926
37.71648 -122.3989 1 1212788879
37.72976 -122.40348 1 1212788842
37.74187 -122.3979 1 1212788773
37.76739 -122.39579 1 1212788661
37.77599 -122.3948 1 1212788606
37.77905 -122.39082 1 1212788542
37.78085 -122.39079 1 1212788492
37.78418 -122.39507 1 1212788423
37.78554 -122.3938 1 1212788373
37.78773 -122.39534 1 1212788307
37.79136 -122.39953 1 1212788238
37.7923 -122.39975 1 1212788185
37.79486 -122.40028 1 1212788118
37.79453 -122.40435 1 1212788003
37.7941 -122.40466 1 1212787923
37.79067 -122.40353 1 1212787869
37.78883 -122.40353 1 1212787809
37.78629 -122.40217 1 1212787747
37.78599 -122.4017 1 1212787685
37.78272 -122.3976 1 1212787630
37.78121 -122.39568 1 1212787563
37.77782 -122.39219 1 1212787501
37.77778 -122.3921 1 1212787474
37.77697 -122.39304 1 1212787409
37.77551 -122.39479 1 1212787344
37.77151 -122.39783 1 1212787284
37.75855 -122.39222 1 1212787234
37.74516 -122.39471 1 1212787190
37.72798 -122.40242 1 1212787134
37.72052 -122.3998 1 1212787063
37.69419 -122.39168 1 1212786976
37.6782 -122.38826 1 1212786915
37.64225 -122.40586 1 1212786772
37.62918 -122.40186 1 1212786717
37.61622 -122.39764 1 1212786673
37.61653 -122.38611 0 1212785767
37.61658 -122.38611 0 1212785525
37.6166 -122.38603 0 1212785463
37.61657 -122.38606 0 1212785388
37.61655 -122.38607 0 1212785333
37.61508 -122.39048 0 1212785275
37.71013 -122.3954 0 1212784894
37.72375 -122.40129 0 1212784843
37.73663 -122.40761 0 1212784785
37.74958 -122.40376 0 1212784735
37.76299 -122.40541 0 1212784696
37.77634 -122.40478 0 1212784620
37.78454 -122.40402 0 1212784560
37.78562 -122.40291 0 1212784527
37.7852 -122.40072 1 1212784407
37.78493 -122.40023 1 1212784351
37.78304 -122.39779 1 1212784286
37.77826 -122.39198 1 1212784235
37.77516 -122.39536 1 1212784126
37.77196 -122.39793 1 1212784080
37.75921 -122.39225 1 1212784015
37.73018 -122.40353 1 1212783939
37.72472 -122.40149 1 1212783886
37.71193 -122.39576 1 1212783844
37.69846 -122.39266 1 1212783792
37.68371 -122.38933 1 1212783738
37.63307 -122.40281 1 1212783574
37.61632 -122.38617 0 1212782775
37.61633 -122.38619 0 1212782596
37.61798 -122.38647 0 1212782384
37.62283 -122.40103 0 1212782209
37.67323 -122.3902 0 1212782008
37.68672 -122.39022 0 1212781959
37.71387 -122.39714 0 1212781867
37.72683 -122.40259 0 1212781818
37.73936 -122.40819 0 1212781772
37.74443 -122.40551 0 1212781735
37.77747 -122.40387 0 1212781571
37.78004 -122.40325 0 1212781508
37.78395 -122.40794 0 1212781449
37.78448 -122.40871 0 1212781402
37.78549 -122.40948 0 1212781348
37.7873 -122.40948 0 1212781287
37.78804 -122.40848 0 1212781176
37.78884 -122.41012 0 1212781104
37.79088 -122.41051 0 1212781044
37.79169 -122.41078 0 1212780984
37.79164 -122.41192 0 1212780924
37.79164 -122.41192 1 1212780923
37.78978 -122.41197 1 1212780889
37.789 -122.41028 1 1212780826
37.78952 -122.40673 1 1212780766
37.78954 -122.40673 0 1212780764
37.79028 -122.40807 0 1212780636
37.79032 -122.40836 1 1212780607
37.78446 -122.40882 0 1212780322
37.78439 -122.40967 0 1212780256
37.7838 -122.41204 0 1212780200
37.78093 -122.41368 0 1212780135
37.78093 -122.41368 1 1212780133
37.78066 -122.41351 1 1212780107
37.7846 -122.4126 1 1212780051
37.7899 -122.41392 1 1212779994
37.791 -122.41021 1 1212779929
37.79262 -122.4057 1 1212779882
37.79294 -122.40113 1 1212779809
37.79318 -122.39721 1 1212779748
37.79337 -122.39632 1 1212779696
37.79337 -122.39632 0 1212779664
37.79157 -122.39838 0 1212779599
37.79157 -122.39838 1 1212779596
37.79114 -122.39976 1 1212779530
37.79059 -122.40309 1 1212779469
37.79042 -122.40586 1 1212779411
37.78967 -122.41275 1 1212779349
37.78998 -122.4169 1 1212779288
37.79286 -122.41773 1 1212779227
37.79247 -122.42069 1 1212779168
37.98198 -122.3164 0 1212742039
37.96885 -122.32079 0 1212741986
37.94549 -122.32443 0 1212741886
37.93202 -122.32544 0 1212741830
37.91929 -122.31735 0 1212741778
37.90585 -122.31406 0 1212741728
37.89331 -122.30733 0 1212741673
37.8799 -122.30757 0 1212741620
37.86664 -122.3037 0 1212741573
37.85327 -122.29992 0 1212741524
37.83987 -122.29664 0 1212741464
37.78572 -122.39287 0 1212740981
37.78971 -122.39737 0 1212740927
37.78623 -122.39998 0 1212740861
37.78874 -122.40185 0 1212740794
37.78945 -122.40597 0 1212740670
37.78801 -122.41137 1 1212740581
37.78474 -122.41438 1 1212740571
37.77299 -122.40041 1 1212740212
37.77669 -122.39555 1 1212740152
37.7765 -122.39919 0 1212740101
37.76944 -122.39721 0 1212740041
37.75967 -122.39214 0 1212739981
37.74618 -122.39407 0 1212739921
37.73558 -122.40569 0 1212739865
37.73183 -122.41743 0 1212739805
37.73109 -122.42915 0 1212739745
37.72751 -122.43554 0 1212739685
37.72402 -122.43658 0 1212739625
37.72022 -122.43821 0 1212739565
37.71845 -122.43759 0 1212739505
37.71842 -122.4376 1 1212739504
37.71833 -122.43759 1 1212739468
37.71653 -122.43892 1 1212739408
37.7186 -122.44333 1 1212739356
37.72228 -122.44835 1 1212739287
37.73107 -122.43697 1 1212739226
37.73201 -122.42059 1 1212739170
37.74029 -122.40817 1 1212739114
37.75289 -122.40308 1 1212739064
37.76618 -122.40531 1 1212739010
37.76969 -122.41868 1 1212738944
37.76825 -122.42106 1 1212738884
37.76492 -122.42411 1 1212738824
37.76523 -122.42431 1 1212738764
37.76883 -122.42465 1 1212738704
37.77166 -122.42389 1 1212738649
37.77461 -122.42019 1 1212738584
37.77697 -122.41734 1 1212738524
37.77798 -122.41584 1 1212738467
37.77965 -122.41355 1 1212738409
37.78285 -122.4098 1 1212738341
37.78501 -122.40694 1 1212738281
37.78645 -122.40212 1 1212738221
37.78525 -122.40064 0 1212738166
37.7806 -122.39488 0 1212738106
37.77772 -122.39412 0 1212738056
37.77623 -122.39846 0 1212737986
37.77105 -122.39739 0 1212737926
37.75953 -122.39224 0 1212737866
37.74605 -122.39409 0 1212737806
37.73578 -122.40526 0 1212737763
37.73267 -122.41337 0 1212737707
37.73116 -122.42605 0 1212737641
37.72982 -122.4331 0 1212737575
37.72731 -122.43547 0 1212737515
37.7235 -122.4361 0 1212737455
37.72023 -122.43837 0 1212737395
37.72087 -122.43553 0 1212737286
37.72331 -122.43578 0 1212737236
37.72583 -122.4365 0 1212737164
37.72823 -122.43495 0 1212737104
37.73138 -122.42759 0 1212737044
37.73226 -122.41587 0 1212736984
37.74311 -122.40667 0 1212736925
37.7563 -122.40334 0 1212736867
37.76897 -122.40552 0 1212736812
37.77709 -122.40421 0 1212736746
37.77876 -122.40601 0 1212736686
37.78145 -122.40939 0 1212736625
37.78222 -122.41154 0 1212736565
37.78742 -122.41541 0 1212735174
37.78686 -122.41974 0 1212733924
37.78544 -122.42296 0 1212733868
37.78458 -122.42334 0 1212733808
37.78517 -122.42489 0 1212733743
37.78422 -122.43297 1 1212732426
37.7851 -122.42794 1 1212732305
37.78584 -122.42143 1 1212732230
37.78585 -122.40041 1 1212731685
37.79862 -122.40779 1 1212731278
37.80057 -122.43792 1 1212730635
37.80057 -122.43792 1 1212730574
37.80058 -122.42629 1 1212730434
37.80058 -122.42629 1 1212730367
37.79834 -122.42554 1 1212730333
37.78393 -122.4001 1 1212729614
37.78165 -122.40153 1 1212729555
37.77522 -122.40975 0 1212729416
37.77842 -122.41546 1 1212729328
37.78053 -122.4128 1 1212729263
37.78237 -122.41025 1 1212729203
37.78761 -122.40938 1 1212729121
37.78885 -122.40727 1 1212729041
37.78882 -122.40726 0 1212729018
37.78739 -122.4151 0 1212728879
37.78402 -122.4176 1 1212725739
37.78402 -122.4176 1 1212725675
37.78215 -122.41744 1 1212725660
37.78215 -122.41744 1 1212725640
37.78711 -122.41659 1 1212725551
37.79428 -122.41787 1 1212725427
37.79428 -122.41787 1 1212725415
37.79574 -122.41677 1 1212725310
37.79574 -122.41677 1 1212725293
37.80024 -122.41741 1 1212725237
37.80485 -122.41849 1 1212725178
37.80485 -122.41849 0 1212725171
37.80841 -122.41395 1 1212724935
37.8084 -122.41037 1 1212724933
37.80641 -122.41642 0 1212724605
37.80618 -122.41629 0 1212724545
37.80622 -122.41633 0 1212724485
37.8062 -122.41631 0 1212724428
37.80617 -122.41628 0 1212724363
37.79961 -122.40918 0 1212724200
37.7981 -122.407 0 1212724114
37.7981 -122.407 1 1212724107
37.79802 -122.40692 1 1212724087
37.792 -122.40434 1 1212724006
37.78612 -122.40178 1 1212723925
37.78171 -122.40167 1 1212723870
37.77895 -122.40497 1 1212723803
37.77671 -122.408 0 1212723756
37.77667 -122.41214 0 1212723698
37.77876 -122.41534 0 1212723636
37.77875 -122.41533 1 1212723635
37.77865 -122.41652 1 1212723607
37.77818 -122.42016 1 1212723537
37.77776 -122.42334 1 1212723477
37.77653 -122.42541 1 1212723421
37.77569 -122.43118 1 1212723348
37.77456 -122.4309 0 1212723292
37.77292 -122.43231 0 1212723233
37.77053 -122.43174 0 1212723171
37.76891 -122.43128 0 1212723109
37.76892 -122.43128 0 1212723049
37.76797 -122.43118 0 1212722980
37.76707 -122.43113 0 1212722915
37.76696 -122.43104 0 1212722772
37.767 -122.43107 0 1212722707
37.767 -122.43107 0 1212722646
37.767 -122.43107 0 1212722586
37.76701 -122.43106 0 1212722526
37.76695 -122.43112 0 1212722466
37.76435 -122.43286 0 1212722405
37.76231 -122.43507 0 1212722343
37.76089 -122.43502 0 1212722283
37.75853 -122.43472 0 1212722223
37.75483 -122.43449 0 1212722164
37.75141 -122.43394 0 1212722102
37.75004 -122.43173 0 1212722042
37.74637 -122.43142 0 1212721982
37.74502 -122.43359 0 1212721922
37.74429 -122.43229 0 1212721862
37.74429 -122.43229 1 1212721860
37.74427 -122.43229 1 1212721834
37.74299 -122.43108 1 1212721778
37.74211 -122.42672 1 1212721714
37.74202 -122.426 0 1212721667
37.73885 -122.42541 0 1212721598
37.73878 -122.42594 0 1212721537
37.73882 -122.42593 1 1212721533
37.74225 -122.42657 1 1212721473
37.74343 -122.42659 1 1212721413
37.7487 -122.42718 1 1212721353
37.74997 -122.42733 1 1212721293
37.75496 -122.42771 1 1212721243
37.75808 -122.42833 1 1212721177
37.7632 -122.43425 1 1212721057
37.76212 -122.43505 1 1212720983
37.76208 -122.43505 0 1212720975
37.76105 -122.43563 0 1212720964
37.76105 -122.43563 0 1212720909
37.76105 -122.43563 0 1212720897
37.76105 -122.43563 1 1212720896
37.76096 -122.4365 1 1212720885
37.76265 -122.43525 1 1212720616
37.76472 -122.43272 1 1212720555
37.7659 -122.43116 1 1212720495
37.76823 -122.42825 1 1212720435
37.7702 -122.42531 1 1212720375
37.76998 -122.42249 1 1212720324
37.76976 -122.41339 1 1212720253
37.77101 -122.41206 1 1212720192
37.77383 -122.40844 1 1212720132
37.7772 -122.40411 1 1212720066
37.77912 -122.40175 1 1212720006
37.78229 -122.39733 1 1212719946
37.77913 -122.39298 1 1212719895
37.78147 -122.39247 1 1212719826
37.78147 -122.39247 0 1212719810
37.77844 -122.39631 0 1212719751
37.77844 -122.39631 1 1212719745
37.77905 -122.39761 1 1212719699
37.78153 -122.4009 1 1212719655
37.77277 -122.41276 1 1212719528
37.76853 -122.41577 1 1212719468
37.76837 -122.41811 1 1212719408
37.76822 -122.42059 1 1212719348
37.76548 -122.42198 1 1212719286
37.76317 -122.42172 1 1212719226
37.75871 -122.42121 1 1212719166
37.7587 -122.42121 0 1212719156
37.75869 -122.42125 0 1212719096
37.75881 -122.42113 0 1212719036
37.75878 -122.42117 0 1212718976
37.75868 -122.4211 0 1212718916
37.75842 -122.42298 0 1212718858
37.75842 -122.42298 1 1212718852
37.75833 -122.42315 1 1212718809
37.76199 -122.42397 1 1212718748
37.76497 -122.42389 1 1212718689
37.76513 -122.42148 1 1212718627
37.76532 -122.4174 1 1212718567
37.76538 -122.41498 1 1212718507
37.7688 -122.41349 1 1212718447
37.77082 -122.41236 1 1212718386
37.77387 -122.4084 1 1212718325
37.77661 -122.405 1 1212718285
37.779 -122.40191 1 1212718220
37.78215 -122.39784 1 1212718160
37.77899 -122.39237 1 1212718109
37.77615 -122.39572 0 1212717991
37.77012 -122.40368 0 1212717875
37.77043 -122.40173 0 1212717824
37.77043 -122.40173 1 1212717814
37.77203 -122.40138 1 1212717767
37.77545 -122.39709 1 1212717707
37.77928 -122.39781 1 1212717646
37.78213 -122.4013 1 1212717586
37.78347 -122.40232 1 1212717528
37.78603 -122.39902 1 1212717469
37.78918 -122.40243 1 1212717383
37.78839 -122.40628 0 1212717367
37.78839 -122.40628 0 1212717348
37.78839 -122.40628 1 1212717347
37.78839 -122.40628 0 1212717346
37.78839 -122.40628 0 1212717330
37.78822 -122.4074 0 1212717310
37.78688 -122.42016 0 1212715473
37.78587 -122.42133 0 1212715379
37.78552 -122.42117 0 1212715319
37.78552 -122.42118 1 1212715317
37.78582 -122.42164 1 1212715294
37.78302 -122.42073 1 1212715234
37.78092 -122.42035 1 1212715173
37.7805 -122.41747 1 1212715113
37.78094 -122.41399 1 1212715058
37.77783 -122.40921 1 1212714998
37.77679 -122.40801 0 1212714969
37.7768 -122.408 1 1212714958
37.77581 -122.40912 1 1212714924
37.77898 -122.4145 1 1212714859
37.78542 -122.41635 1 1212714796
37.78542 -122.41635 1 1212714770
37.78503 -122.41911 1 1212714705
37.78512 -122.42138 1 1212714627
37.78767 -122.42157 1 1212714566
37.78767 -122.42157 0 1212714561
37.78767 -122.42157 1 1212714560
37.78916 -122.41021 1 1212714554
37.78916 -122.41021 1 1212714365
37.78916 -122.41021 1 1212714351
37.78951 -122.40707 0 1212714343
37.78979 -122.40512 0 1212714212
37.78979 -122.40512 0 1212714193
37.79068 -122.40416 0 1212714054
37.79068 -122.40416 0 1212714026
37.79068 -122.40416 0 1212714011
37.79068 -122.40416 1 1212713996
37.79054 -122.40566 1 1212713974
37.79017 -122.40738 1 1212713909
37.78975 -122.41215 1 1212713812
37.78867 -122.419 1 1212713739
37.79277 -122.42106 1 1212713684
37.79277 -122.42106 1 1212713663
37.79603 -122.42179 0 1212713662
37.79603 -122.42179 0 1212713629
37.79914 -122.42227 0 1212713427
37.80005 -122.41962 0 1212713363
37.80001 -122.41937 0 1212713322
37.80001 -122.41938 1 1212713321
37.79942 -122.41893 1 1212713286
37.79892 -122.42183 1 1212713225
37.78718 -122.42153 1 1212713083
37.78549 -122.42138 0 1212713056
37.78253 -122.42093 0 1212712996
37.78241 -122.42062 0 1212712941
37.77863 -122.41982 0 1212712876
37.77819 -122.42012 0 1212712832
37.77819 -122.42012 0 1212712816
37.77775 -122.42351 0 1212712756
37.77687 -122.42348 0 1212712696
37.77726 -122.42108 1 1212712622
37.77876 -122.4149 1 1212712469
37.7806 -122.41242 1 1212712413
37.78248 -122.41028 1 1212712348
37.78455 -122.40747 1 1212712288
37.78584 -122.40583 1 1212712241
37.78811 -122.4031 1 1212712168
37.79232 -122.39769 1 1212712113
37.79364 -122.3961 1 1212712043
37.79445 -122.39476 0 1212711917
37.79417 -122.39327 0 1212711907
37.79417 -122.39327 0 1212711877
37.79417 -122.39327 0 1212711857
37.79431 -122.39344 1 1212711835
37.79413 -122.39351 0 1212711823
37.79444 -122.39352 1 1212711816
37.79489 -122.39436 1 1212711761
37.79656 -122.40511 1 1212710974
37.78682 -122.41044 1 1212710675
37.7872 -122.40822 1 1212710610
37.78736 -122.40816 0 1212710560
37.78816 -122.40863 0 1212710525
37.78816 -122.40863 0 1212710500
37.78427 -122.41116 0 1212710371
37.785 -122.40897 0 1212710308
37.78444 -122.40855 0 1212710248
37.78438 -122.4087 0 1212710211
37.79097 -122.41006 1 1212710017
37.79153 -122.40571 1 1212709999
37.79153 -122.40571 1 1212709949
37.79384 -122.39594 0 1212709212
37.79311 -122.39448 0 1212709162
37.79225 -122.39549 0 1212709091
37.78945 -122.39772 0 1212709031
37.78793 -122.39962 0 1212709007
37.78505 -122.40056 0 1212708935
37.7862 -122.3988 0 1212708431
37.78685 -122.39931 0 1212708367
37.78685 -122.39931 1 1212708366
37.78708 -122.39926 1 1212708343
37.78948 -122.40121 1 1212708267
37.7945 -122.39724 0 1212708103
37.7945 -122.39724 0 1212708062
37.7945 -122.39724 1 1212707971
37.78744 -122.40364 1 1212707663
37.78722 -122.40376 1 1212707607
37.78541 -122.4062 1 1212707504
37.78394 -122.408 1 1212707444
37.7819 -122.41051 1 1212707384
37.78071 -122.41205 1 1212707324
37.77947 -122.41508 1 1212707262
37.7818 -122.41556 1 1212707202
37.78297 -122.41955 1 1212707110
37.78049 -122.42043 1 1212707020
37.77985 -122.41937 1 1212706960
37.78047 -122.41877 0 1212706936
37.78144 -122.41897 0 1212706874
37.78156 -122.4189 0 1212706813
37.78169 -122.41882 0 1212706798
37.7817 -122.41883 1 1212706792
37.7822 -122.41815 1 1212706740
37.78312 -122.41589 1 1212706676
37.78469 -122.41427 1 1212706604
37.77967 -122.40424 0 1212706340
37.77967 -122.40424 0 1212706313
37.77934 -122.40465 1 1212706292
37.77623 -122.40838 1 1212706232
37.77551 -122.40756 1 1212706177
37.77725 -122.40482 1 1212706034
37.77937 -122.40746 1 1212705969
37.78132 -122.40962 1 1212705914
37.78242 -122.4181 1 1212705802
37.78069 -122.42189 1 1212705741
37.78281 -122.42419 1 1212705681
37.78637 -122.42525 1 1212705621
37.79 -122.4258 1 1212705561
37.79232 -122.42589 1 1212705543
37.79232 -122.42589 1 1212705528
37.79471 -122.4266 0 1212705525
37.79471 -122.4266 0 1212705482
37.79625 -122.427 1 1212705480
37.79625 -122.427 1 1212705448
37.79948 -122.43825 1 1212705126
37.79754 -122.44889 1 1212704922
37.79869 -122.44591 1 1212704760
37.79869 -122.44591 1 1212704733
37.79903 -122.42408 1 1212704630
37.79808 -122.40692 1 1212704437
37.79808 -122.40692 1 1212704355
37.79808 -122.40692 1 1212704310
37.78734 -122.40691 0 1212703596
37.78637 -122.42314 1 1212703520
37.79033 -122.4259 1 1212703297
37.79183 -122.43011 1 1212703231
37.79392 -122.43004 1 1212703170
37.79366 -122.43336 1 1212703089
37.79342 -122.43295 0 1212703054
37.78891 -122.43062 0 1212702922
37.78652 -122.42827 0 1212702861
37.78554 -122.42996 0 1212702801
37.78537 -122.43123 0 1212702774
37.78532 -122.42652 0 1212702735
37.78557 -122.42264 0 1212702671
37.78586 -122.41961 0 1212702668
37.78586 -122.41961 0 1212702650
37.78691 -122.41442 0 1212702600
37.78774 -122.40827 0 1212702302
37.78774 -122.40827 0 1212702274
37.78889 -122.40864 0 1212702214
37.78961 -122.40568 0 1212702142
37.79146 -122.40715 0 1212702077
37.79156 -122.40561 0 1212702015
37.79369 -122.39815 0 1212701927
37.79369 -122.39815 0 1212701864
37.79369 -122.3974 0 1212701787
37.79369 -122.3974 0 1212701772
37.79773 -122.39669 0 1212701590
37.80438 -122.40245 0 1212701473
37.80613 -122.4172 0 1212701198
37.80638 -122.41736 1 1212701196
37.80367 -122.4244 1 1212700719
37.80365 -122.42436 0 1212700718
37.80207 -122.42397 1 1212700717
37.80216 -122.42451 1 1212700681
37.79866 -122.42398 1 1212700630
37.79795 -122.4281 1 1212700476
37.79835 -122.42717 1 1212700132
37.7794 -122.39233 1 1212697619
37.7794 -122.39233 0 1212697607
37.7794 -122.39233 0 1212697593
37.77665 -122.39551 0 1212697537
37.77439 -122.40092 0 1212697472
37.77116 -122.39742 0 1212697417
37.75821 -122.39219 0 1212697352
37.7093 -122.39504 0 1212697128
37.67836 -122.3883 0 1212697000
37.6556 -122.40663 0 1212696912
37.64644 -122.4063 0 1212696858
37.63309 -122.40279 0 1212696819
37.62343 -122.40063 0 1212696759
37.61463 -122.39806 1 1212696345
37.6274 -122.4027 1 1212696292
37.64082 -122.40602 1 1212696241
37.65432 -122.40713 1 1212696191
37.67624 -122.38877 1 1212696102
37.68985 -122.39093 1 1212696055
37.714 -122.39727 1 1212695974
37.72696 -122.40264 1 1212695928
37.73984 -122.40809 1 1212695877
37.75271 -122.40294 1 1212695822
37.76687 -122.40531 1 1212695762
37.778 -122.40219 1 1212695702
37.7837 -122.40311 1 1212695640
37.78786 -122.40663 1 1212695544
37.79123 -122.40907 0 1212695278
37.78575 -122.40157 1 1212692709
37.78428 -122.39958 1 1212692650
37.78204 -122.39683 1 1212692589
37.78075 -122.39508 1 1212692529
37.77869 -122.39317 1 1212692425
37.77592 -122.39583 1 1212692360
37.77658 -122.39542 0 1212692162
37.77637 -122.39567 0 1212692097
37.77663 -122.39845 0 1212691989
37.7762 -122.39926 0 1212691960
37.77033 -122.39733 0 1212691900
37.76388 -122.39259 1 1212691894
37.76134 -122.39342 1 1212691824
37.75656 -122.39302 1 1212691769
37.75589 -122.39297 0 1212691754
37.75228 -122.39459 0 1212691694
37.75224 -122.39345 0 1212691634
37.75549 -122.39301 0 1212691573
37.75994 -122.39595 0 1212691513
37.75737 -122.3971 0 1212691453
37.75999 -122.39503 0 1212691392
37.75666 -122.39305 0 1212691339
37.75626 -122.39308 0 1212691305
37.75626 -122.39309 1 1212691304
37.75675 -122.39306 1 1212691264
37.76207 -122.39352 1 1212691203
37.79221 -122.40737 1 1212689840
37.79221 -122.40737 1 1212689776
37.79225 -122.41042 1 1212689679
37.79428 -122.42153 0 1212689479
37.79789 -122.42905 0 1212689269
37.79997 -122.44296 0 1212688969
37.80305 -122.44697 0 1212688660
37.80305 -122.44697 0 1212688516
37.80292 -122.44708 0 1212688456
37.80295 -122.44698 0 1212688396
37.80295 -122.44699 0 1212688336
37.80292 -122.44709 0 1212688276
37.80506 -122.4473 0 1212688249
37.80506 -122.4473 0 1212688216
37.82553 -122.4792 0 1212687923
37.84038 -122.48686 0 1212687865
37.87097 -122.50396 0 1212687535
37.87085 -122.50351 1 1212687534
37.81977 -122.47841 1 1212686930
37.79936 -122.44565 1 1212686918
37.77392 -122.42088 1 1212686165
37.77307 -122.42187 1 1212686105
37.77005 -122.4257 1 1212686053
37.78167 -122.40503 0 1212685018
37.78292 -122.40314 0 1212684958
37.78494 -122.40075 0 1212684897
37.7841 -122.39901 0 1212684829
37.77826 -122.39668 0 1212684557
37.77821 -122.39674 0 1212684532
37.79338 -122.39323 1 1212683620
37.79325 -122.39305 1 1212683611
37.80449 -122.42224 1 1212683021
37.80416 -122.42509 1 1212682962
37.80262 -122.43581 1 1212682942
37.80262 -122.43581 1 1212682886
37.80744 -122.47503 1 1212682596
37.78988 -122.42392 1 1212681742
37.78652 -122.42318 1 1212681682
37.79062 -122.40539 1 1212680232
37.79041 -122.40901 1 1212680215
37.79041 -122.40901 1 1212680169
37.7918 -122.41086 1 1212680103
37.79685 -122.41695 1 1212679959
37.79952 -122.41738 1 1212679895
37.79986 -122.41415 0 1212679873
37.79986 -122.41415 0 1212679855
37.79986 -122.41415 1 1212679841
37.80091 -122.41125 1 1212679781
37.80098 -122.40923 1 1212679568
37.80098 -122.40923 1 1212679543
37.79255 -122.4043 1 1212679398
37.7889 -122.40381 1 1212679315
37.78757 -122.40334 1 1212679255
37.78515 -122.40055 1 1212679164
37.78603 -122.39918 1 1212679106
37.78796 -122.3971 1 1212679048
37.78875 -122.39603 0 1212679010
37.78861 -122.39453 0 1212678949
37.78546 -122.39243 0 1212678889
37.79201 -122.38471 0 1212678828
37.79951 -122.37669 0 1212678768
37.80381 -122.37206 0 1212678734
37.8124 -122.3627 0 1212678674
37.81796 -122.34774 0 1212678616
37.81979 -122.34035 0 1212678556
37.82163 -122.32821 0 1212678495
37.82473 -122.31612 0 1212678435
37.82667 -122.2997 0 1212678378
37.83766 -122.29651 0 1212678318
37.85074 -122.29934 0 1212678258
37.86195 -122.30241 0 1212678198
37.87281 -122.30569 0 1212678138
37.88027 -122.30779 0 1212678078
37.88472 -122.30877 0 1212678018
37.88911 -122.30873 0 1212677963
37.89331 -122.30753 0 1212677908
37.90063 -122.31074 0 1212677842
37.90621 -122.31454 0 1212677778
37.91759 -122.31748 0 1212677716
37.9268 -122.32199 0 1212677656
37.93646 -122.32661 0 1212677595
37.96031 -122.33043 0 1212677485
37.96556 -122.32361 0 1212677425
37.97135 -122.32018 0 1212677365
37.98504 -122.31582 0 1212677290
37.98587 -122.31497 0 1212650139
37.97801 -122.3178 0 1212650104
37.97168 -122.31993 0 1212650080
37.96075 -122.33014 0 1212650036
37.948 -122.32566 0 1212649992
37.93464 -122.32679 0 1212649942
37.92262 -122.31879 0 1212649904
37.90888 -122.31617 0 1212649843
37.89676 -122.30874 0 1212649788
37.88329 -122.30838 0 1212649740
37.87003 -122.30469 0 1212649697
37.85689 -122.30093 0 1212649653
37.84376 -122.29763 0 1212649603
37.83077 -122.29359 0 1212649556
37.78471 -122.39358 0 1212649159
37.78834 -122.40047 0 1212649038
37.78905 -122.40216 0 1212648977
37.78867 -122.40513 0 1212648917
37.78759 -122.41236 0 1212648856
37.78695 -122.41682 0 1212648799
37.78697 -122.41682 0 1212648735
37.78702 -122.41681 0 1212648675
37.78705 -122.41681 0 1212648614
37.78705 -122.4168 0 1212648557
37.78702 -122.4168 0 1212648492
37.78704 -122.41681 0 1212648432
37.7871 -122.41683 0 1212648373
37.78711 -122.41683 0 1212648310
37.78714 -122.41685 0 1212648250
37.78715 -122.41686 0 1212648190
37.78705 -122.4168 0 1212648130
37.7871 -122.41682 0 1212648095
37.78711 -122.41685 0 1212648035
37.78697 -122.41814 0 1212647974
37.78619 -122.41414 0 1212647914
37.78185 -122.41331 0 1212647853
37.77813 -122.40949 0 1212647798
37.77676 -122.40479 0 1212647733
37.77745 -122.40396 0 1212647673
37.78136 -122.39906 0 1212647626
37.78282 -122.39716 0 1212647564
37.78284 -122.39715 1 1212647562
37.78438 -122.3945 1 1212647528
37.78607 -122.39253 1 1212647467
37.79021 -122.38945 1 1212647415
37.79283 -122.39162 1 1212647356
37.79797 -122.39664 1 1212647286
37.80514 -122.40351 1 1212647226
37.80683 -122.40631 1 1212647154
37.80806 -122.40952 1 1212647094
37.8074 -122.41483 1 1212647059
37.80826 -122.4159 1 1212646990
37.80841 -122.41012 0 1212646895
37.80839 -122.41003 0 1212646824
37.8084 -122.41001 0 1212646764
37.80841 -122.41005 0 1212646704
37.80791 -122.40886 0 1212646586
37.80645 -122.41454 0 1212646516
37.80622 -122.41715 0 1212646456
37.8068 -122.42051 0 1212646396
37.80699 -122.41864 0 1212646341
37.80509 -122.42431 0 1212646221
37.79956 -122.42392 0 1212646110
37.79974 -122.42273 0 1212646054
37.79974 -122.42273 1 1212646048
37.79875 -122.42238 1 1212646020
37.79848 -122.42449 1 1212645959
37.793 -122.42478 1 1212645899
37.78626 -122.42328 1 1212645839
37.77829 -122.42155 1 1212645779
37.77493 -122.42095 1 1212645719
37.77065 -122.42494 1 1212645659
37.76779 -122.42849 1 1212645610
37.76565 -122.43124 1 1212645549
37.76407 -122.43285 1 1212645508
37.76386 -122.43313 0 1212645479
37.76697 -122.42967 0 1212645425
37.7698 -122.42615 0 1212645354
37.77017 -122.42572 0 1212645298
37.77017 -122.42572 1 1212645292
37.77021 -122.42577 1 1212645227
37.77018 -122.42567 1 1212645215
37.77105 -122.4246 1 1212645142
37.7834 -122.42411 1 1212644955
37.78359 -122.42379 1 1212644890
37.78428 -122.42232 1 1212644834
37.79474 -122.42316 1 1212643160
37.79756 -122.42379 1 1212643100
37.79812 -122.42741 1 1212643051
37.79776 -122.43011 1 1212642980
37.79722 -122.43452 1 1212642924
37.79868 -122.43584 1 1212642882
37.79905 -122.43592 0 1212642830
37.80035 -122.43978 0 1212642684
37.79995 -122.44279 0 1212642623
37.79982 -122.44282 1 1212642604
37.7996 -122.43931 1 1212642540
37.80024 -122.43451 1 1212642478
37.80094 -122.42611 1 1212642431
37.79879 -122.42324 1 1212642287
37.79933 -122.41916 0 1212642195
37.79978 -122.41552 0 1212642164
37.79978 -122.41552 1 1212642132
37.80018 -122.4125 1 1212642071
37.79967 -122.40886 1 1212641997
37.79815 -122.40544 1 1212641946
37.79868 -122.40062 1 1212641884
37.79628 -122.39686 1 1212641501
37.79901 -122.39774 1 1212641445
37.80442 -122.40256 1 1212641319
37.8081 -122.40958 1 1212641193
37.80817 -122.40995 1 1212641133
37.8085 -122.41007 1 1212641072
37.80839 -122.40995 0 1212641060
37.8057 -122.4185 0 1212640899
37.80665 -122.42019 0 1212640832
37.80741 -122.41835 0 1212640782
37.80649 -122.42209 0 1212640713
37.80611 -122.42386 0 1212640656
37.803 -122.42311 0 1212640603
37.79943 -122.42245 0 1212640536
37.79921 -122.4231 1 1212640529
37.79919 -122.42306 1 1212640476
37.79755 -122.42362 1 1212640432
37.79515 -122.42314 1 1212640371
37.79197 -122.40965 1 1212639582
37.79224 -122.41037 1 1212639518
37.79213 -122.41047 0 1212639512
37.78907 -122.41195 0 1212639453
37.78907 -122.41195 1 1212639445
37.78907 -122.41195 1 1212639408
37.78912 -122.40837 1 1212639348
37.79205 -122.4043 1 1212639288
37.78676 -122.40271 1 1212639215
37.78502 -122.40028 1 1212639155
37.78371 -122.39883 1 1212639094
37.77879 -122.39283 1 1212639033
37.77249 -122.39795 1 1212638984
37.75952 -122.39229 1 1212638916
37.74567 -122.39431 1 1212638872
37.73037 -122.4036 1 1212638841
37.72586 -122.40182 1 1212638789
37.71268 -122.39615 1 1212638728
37.69918 -122.39283 1 1212638673
37.68278 -122.38913 1 1212638628
37.63923 -122.40502 1 1212638435
37.61617 -122.38614 0 1212636254
37.61614 -122.38617 0 1212636205
37.61622 -122.38616 0 1212636078
37.61622 -122.38614 0 1212635956
37.61616 -122.38616 0 1212635901
37.61622 -122.38613 0 1212635781
37.61628 -122.38606 0 1212635722
37.61558 -122.38832 0 1212635656
37.61801 -122.38625 1 1212635221
37.61457 -122.39773 1 1212635110
37.69957 -122.39318 1 1212634770
37.71309 -122.39658 1 1212634726
37.72592 -122.40232 1 1212634677
37.73879 -122.40819 1 1212634617
37.75219 -122.40304 1 1212634574
37.76337 -122.4053 1 1212634523
37.76944 -122.40566 1 1212634459
37.77705 -122.40309 1 1212634393
37.78299 -122.40258 1 1212634333
37.78372 -122.40813 0 1212634127
37.78372 -122.40813 1 1212634115
37.78325 -122.40881 1 1212634059
37.78072 -122.41205 1 1212634018
37.77875 -122.41458 1 1212633947
37.77521 -122.41277 1 1212633648
37.77817 -122.40884 1 1212633592
37.78278 -122.403 1 1212633536
37.78423 -122.40387 1 1212633466
37.78531 -122.4032 1 1212633410
37.78723 -122.4011 1 1212633346
37.78906 -122.39847 1 1212633291
37.79456 -122.40101 0 1212632761
37.79475 -122.40077 0 1212632619
37.79482 -122.40086 0 1212632559
37.79484 -122.40086 0 1212632527
37.79486 -122.40084 0 1212632473
37.79655 -122.40535 0 1212632364
37.7975 -122.40606 0 1212632294
37.79812 -122.4069 0 1212632236
37.7994 -122.40918 0 1212632181
37.7993 -122.41025 0 1212632107
37.79932 -122.41027 1 1212632105
37.79929 -122.41059 1 1212632051
37.80179 -122.41252 1 1212631997
37.80619 -122.41877 1 1212631931
37.80767 -122.42034 1 1212631869
37.80793 -122.41855 0 1212631830
37.80858 -122.41238 0 1212631697
37.80515 -122.41008 0 1212631582
37.80338 -122.40928 0 1212631516
37.80209 -122.40611 0 1212631461
37.80274 -122.40595 0 1212631396
37.80279 -122.40607 1 1212631388
37.80297 -122.4062 1 1212631327
37.80256 -122.40612 1 1212631272
37.80372 -122.40991 1 1212631206
37.80709 -122.41056 1 1212631146
37.80809 -122.40896 1 1212631089
37.8075 -122.40735 1 1212631027
37.80751 -122.40734 0 1212631008
37.80066 -122.39874 0 1212630881
37.79739 -122.39578 0 1212630834
37.79526 -122.39357 0 1212630765
37.79526 -122.39357 1 1212630759
37.79385 -122.39243 1 1212630714
37.79256 -122.39389 1 1212630653
37.79365 -122.39592 1 1212630577
37.78782 -122.40845 0 1212629981
37.78596 -122.41218 1 1212629211
37.78596 -122.41218 1 1212629171
37.78691 -122.41264 1 1212629107
37.78706 -122.41104 1 1212629041
37.78765 -122.40617 1 1212628980
37.78798 -122.40367 1 1212628920
37.78591 -122.40163 1 1212628857
37.78555 -122.39988 1 1212628798
37.78702 -122.39812 1 1212628739
37.7894 -122.39522 1 1212628678
37.79148 -122.39801 1 1212628517
37.79062 -122.39951 1 1212628456
37.78896 -122.40136 1 1212628396
37.78744 -122.40317 1 1212628352
37.78692 -122.40544 1 1212628276
37.78653 -122.40818 1 1212628126
37.78674 -122.41045 1 1212628063
37.78609 -122.41291 1 1212627996
37.7857 -122.41427 0 1212627986
37.78265 -122.41393 0 1212627916
37.78269 -122.41393 1 1212627901
37.78178 -122.41381 1 1212627841
37.78002 -122.412 1 1212627780
37.77916 -122.41173 1 1212627727
37.77812 -122.41229 1 1212627660
37.7745 -122.41685 1 1212627600
37.7729 -122.4186 1 1212627546
37.77256 -122.4188 1 1212627484
37.76968 -122.42002 1 1212627419
37.76641 -122.41995 1 1212627365
37.76465 -122.41972 1 1212627300
37.7627 -122.41948 1 1212627239
37.76258 -122.41936 0 1212627222
37.76134 -122.41933 0 1212627163
37.75878 -122.42137 0 1212627098
37.75986 -122.42155 0 1212627044
37.75996 -122.4216 1 1212627036
37.76062 -122.42156 1 1212627006
37.76352 -122.42186 1 1212626929
37.76646 -122.42212 1 1212626881
37.76676 -122.41985 1 1212626809
37.76691 -122.41608 1 1212626749
37.76711 -122.41347 1 1212626689
37.76917 -122.41352 1 1212626629
37.76921 -122.40849 1 1212626529
37.77001 -122.40379 1 1212626469
37.77138 -122.40555 0 1212626394
37.77229 -122.40694 0 1212626328
37.77229 -122.40694 1 1212626323
37.77367 -122.40838 1 1212626290
37.77644 -122.41138 1 1212626236
37.78203 -122.40432 1 1212626048
37.7852 -122.40036 1 1212625986
37.78719 -122.39781 1 1212625926
37.78974 -122.39428 1 1212625865
37.79196 -122.39176 1 1212625812
37.79335 -122.39365 1 1212625745
37.7934 -122.39326 1 1212625685
37.79468 -122.39399 0 1212625649
37.79468 -122.39399 1 1212625631
37.79728 -122.39619 1 1212625545
37.79943 -122.39816 1 1212625490
37.80434 -122.4025 1 1212625375
37.8045 -122.40273 1 1212625343
37.80671 -122.40622 1 1212625283
37.80747 -122.4077 1 1212625223
37.80815 -122.40979 1 1212625167
37.80841 -122.41072 1 1212625102
37.8085 -122.41004 1 1212625046
37.80839 -122.41001 0 1212624957
37.80836 -122.40976 0 1212624867
37.80832 -122.4096 0 1212624818
37.80832 -122.4096 0 1212624802
37.80291 -122.40972 0 1212624618
37.80291 -122.40972 1 1212624602
37.79869 -122.40775 1 1212624467
37.79399 -122.40461 1 1212624357
37.78761 -122.40316 1 1212624244
37.78599 -122.40236 1 1212624179
37.78443 -122.40439 1 1212624117
37.79093 -122.41178 1 1212622165
37.78556 -122.39986 1 1212621784
37.78684 -122.3998 1 1212621717
37.78684 -122.3998 0 1212621716
37.78684 -122.3998 0 1212621680
37.78559 -122.40597 0 1212621325
37.78367 -122.40827 0 1212621208
37.78187 -122.41056 0 1212621147
37.781 -122.41184 0 1212621087
37.78029 -122.41262 0 1212621025
37.77794 -122.41571 0 1212620951
37.77353 -122.42131 0 1212620891
37.77218 -122.42287 0 1212620831
37.7699 -122.4256 0 1212620778
37.77003 -122.42563 0 1212620716
37.77005 -122.42551 0 1212620645
37.76898 -122.42712 0 1212620589
37.76708 -122.42888 0 1212620524
37.76711 -122.42915 0 1212620464
37.76711 -122.42915 1 1212620463
37.76712 -122.42912 1 1212620421
37.76715 -122.42906 1 1212620362
37.76824 -122.42808 1 1212620297
37.77098 -122.42461 1 1212620238
37.77209 -122.42317 1 1212620176
37.77398 -122.42247 1 1212620117
37.77618 -122.42305 1 1212620099
37.77618 -122.42305 1 1212620083
37.77938 -122.42351 1 1212620028
37.78451 -122.42457 1 1212619963
37.78606 -122.42489 1 1212619903
37.79243 -122.42614 1 1212619867
37.79243 -122.42614 1 1212619843
37.79321 -122.42627 0 1212619837
37.80122 -122.428 1 1212619635
37.8012 -122.42799 1 1212619623
37.80077 -122.42961 1 1212619604
37.80077 -122.42961 1 1212619565
37.80077 -122.4296 1 1212619525
37.797 -122.40524 1 1212619024
37.79401 -122.40472 1 1212618954
37.79167 -122.40383 1 1212618911
37.78797 -122.40346 1 1212618841
37.78797 -122.40346 1 1212618829
37.78696 -122.40298 1 1212618776
37.78611 -122.40227 1 1212618701
37.78562 -122.40562 1 1212618645
37.7854 -122.40648 1 1212618581
37.785 -122.40661 1 1212618521
37.7849 -122.40734 1 1212618460
37.78401 -122.40783 1 1212618405
37.78353 -122.40863 0 1212618371
37.78199 -122.41063 0 1212618327
37.78199 -122.41063 0 1212618302
37.78022 -122.41276 0 1212618247
37.7778 -122.41587 0 1212618182
37.77653 -122.41801 0 1212618122
37.77639 -122.41863 0 1212618077
37.774 -122.41883 0 1212617832
37.77262 -122.41878 0 1212617771
37.76996 -122.41991 0 1212617711
37.76717 -122.41986 0 1212617650
37.76323 -122.4195 0 1212617589
37.75911 -122.41907 0 1212617528
37.75692 -122.41888 0 1212617468
37.7551 -122.4187 0 1212617407
37.75051 -122.41827 0 1212617347
37.74828 -122.41745 0 1212617285
37.74694 -122.40999 0 1212617164
37.74949 -122.40089 0 1212617104
37.74881 -122.39755 0 1212617043
37.74876 -122.39752 0 1212616982
37.74876 -122.39752 0 1212616930
37.74876 -122.39752 0 1212616869
37.74878 -122.39751 0 1212616810
37.74882 -122.39753 0 1212616781
37.74884 -122.39753 0 1212616713
37.74882 -122.39756 0 1212616653
37.74872 -122.39752 0 1212616593
37.74866 -122.39749 0 1212616533
37.74861 -122.39748 0 1212616473
37.74891 -122.39757 0 1212616413
