37.75136 -122.395 0 1212295118
37.75136 -122.395 1 1212295114
37.75124 -122.39521 1 1212295091
37.75132 -122.39537 1 1212295036
37.75132 -122.39537 1 1212295009
37.75167 -122.39548 1 1212294953
37.75162 -122.39542 1 1212294882
37.75157 -122.39536 1 1212294822
37.75165 -122.39359 1 1212294762
37.75265 -122.39276 1 1212294702
37.76278 -122.39287 1 1212294642
37.77314 -122.39932 1 1212294582
37.77701 -122.40382 1 1212294541
37.77701 -122.40382 1 1212294526
37.77659 -122.40802 1 1212294474
37.77659 -122.40802 1 1212294462
37.77368 -122.41177 1 1212294402
37.77166 -122.41424 1 1212294342
37.77135 -122.41459 0 1212294327
37.77134 -122.41459 1 1212294325
37.77134 -122.41455 1 1212294297
37.77094 -122.41518 1 1212294264
37.76887 -122.41779 1 1212294208
37.76829 -122.42029 1 1212294149
37.76741 -122.42433 1 1212294082
37.76486 -122.42396 1 1212294022
37.76487 -122.42391 1 1212293963
37.76491 -122.42392 0 1212293945
37.76446 -122.42182 0 1212293891
37.76326 -122.42196 0 1212293826
37.76467 -122.42416 0 1212293769
37.76644 -122.42418 0 1212293705
37.76641 -122.42209 0 1212293680
37.76641 -122.42209 0 1212293644
37.76577 -122.42189 0 1212293584
37.76577 -122.42189 0 1212293523
37.76576 -122.42192 0 1212293471
37.76572 -122.42191 0 1212293403
37.76471 -122.42188 0 1212293288
37.76285 -122.42165 0 1212293223
37.75851 -122.42128 0 1212293163
37.75528 -122.42095 0 1212293117
37.75528 -122.42095 0 1212293102
37.7523 -122.42064 0 1212293049
37.74892 -122.42041 0 1212292987
37.74826 -122.41793 0 1212292924
37.74837 -122.41253 0 1212292867
37.74839 -122.40925 0 1212292817
37.74948 -122.4018 0 1212292741
37.74983 -122.3963 0 1212292681
37.7514 -122.3953 0 1212292621
37.7514 -122.3953 0 1212292566
37.75142 -122.39533 0 1212292501
37.75143 -122.39533 0 1212292441
37.75129 -122.39537 0 1212292381
37.75147 -122.39534 0 1212292331
37.75039 -122.39344 0 1212292269
37.7501 -122.39377 0 1211490788
37.7501 -122.39377 0 1211466828
