37.71448 -122.39733 1 1211086002
37.71448 -122.39733 1 1211085941
37.71392 -122.39683 1 1211085881
37.71386 -122.3968 1 1211085820
37.71386 -122.39681 1 1211085760
37.71386 -122.39682 1 1211085646
37.71392 -122.39685 1 1211085621
37.71261 -122.39602 1 1211085561
37.70385 -122.39382 1 1211085501
37.69249 -122.39126 1 1211085440
37.68006 -122.38849 1 1211085380
37.66828 -122.39403 1 1211085331
37.65959 -122.40463 1 1211085260
37.64787 -122.40647 1 1211085204
37.63467 -122.40315 1 1211085145
37.62217 -122.40015 1 1211085084
37.61456 -122.39435 1 1211085019
37.61473 -122.39232 0 1211084524
37.62361 -122.40136 0 1211084456
37.63366 -122.4101 0 1211084394
37.63234 -122.41976 0 1211084364
37.62981 -122.43454 0 1211084303
37.64117 -122.44363 0 1211084251
37.65211 -122.45429 0 1211084203
37.66202 -122.4656 0 1211084146
37.67503 -122.46973 0 1211084089
37.66944 -122.48415 0 1211084029
37.65779 -122.48718 0 1211083969
37.64548 -122.49173 0 1211083909
37.65192 -122.49037 1 1211083668
37.66274 -122.48444 1 1211083605
37.67136 -122.47663 1 1211083530
37.67314 -122.46772 1 1211083467
37.65999 -122.46382 1 1211083413
37.65001 -122.45224 1 1211083359
37.63968 -122.44183 1 1211083308
37.62938 -122.43138 1 1211083247
37.63429 -122.41573 1 1211083194
37.63015 -122.40216 1 1211083138
37.61707 -122.39815 1 1211083076
37.6149 -122.39264 0 1211080079
37.61781 -122.38689 0 1211080014
37.61784 -122.38688 1 1211080000
37.61788 -122.38687 1 1211079932
37.61667 -122.38427 1 1211079897
37.62345 -122.40129 1 1211079771
37.63689 -122.40453 1 1211079731
37.65018 -122.40684 1 1211079681
37.65018 -122.40684 1 1211079666
37.6627 -122.40079 1 1211079625
37.68689 -122.39027 1 1211079526
37.70006 -122.39324 1 1211079473
37.72601 -122.40221 1 1211079372
37.77061 -122.40592 1 1211079197
37.77741 -122.40391 1 1211079122
37.77999 -122.40311 1 1211079060
37.78362 -122.40749 1 1211079000
37.78572 -122.40975 1 1211078940
37.78581 -122.40967 0 1211078923
37.78598 -122.40988 0 1211078853
37.78636 -122.40964 1 1211078840
37.78963 -122.41035 1 1211078786
37.78928 -122.41545 1 1211078719
37.7907 -122.41734 1 1211078659
37.79053 -122.42083 1 1211078599
37.78978 -122.42238 1 1211078541
37.78959 -122.42214 0 1211078512
37.78959 -122.42214 1 1211078506
37.78924 -122.42197 1 1211078476
37.78415 -122.42278 1 1211078417
37.77735 -122.42138 1 1211078355
37.77457 -122.42084 1 1211078295
37.77176 -122.42354 1 1211078251
37.77049 -122.42516 1 1211078174
37.76955 -122.42623 1 1211078124
37.76678 -122.42893 0 1211078052
37.76678 -122.42893 0 1211078006
37.76678 -122.42893 1 1211078002
37.7686 -122.4276 1 1211077962
37.77161 -122.42379 1 1211077893
37.77367 -122.42117 1 1211077839
37.7773 -122.41673 1 1211077713
37.77555 -122.41391 1 1211077660
37.77648 -122.4113 1 1211077602
37.78015 -122.40663 1 1211077537
37.78232 -122.40356 1 1211077475
37.78478 -122.40031 1 1211077410
37.7825 -122.39731 1 1211077362
37.78092 -122.3953 0 1211077315
37.77898 -122.39257 0 1211077259
37.77899 -122.39256 1 1211077253
37.78035 -122.39073 1 1211077236
37.78234 -122.39335 1 1211077172
37.7852 -122.39414 1 1211077123
37.78772 -122.39506 1 1211077056
37.79225 -122.39927 1 1211077005
37.79685 -122.40069 1 1211076941
37.80408 -122.40225 1 1211076881
37.8041 -122.4023 0 1211076870
37.79955 -122.40247 1 1211076798
37.79797 -122.4054 1 1211076724
37.79579 -122.40562 1 1211076674
37.79195 -122.40522 1 1211076614
37.7894 -122.40396 1 1211076547
37.78914 -122.40226 1 1211076488
37.78897 -122.40135 0 1211076460
37.78739 -122.39888 0 1211076387
37.78736 -122.39877 1 1211076385
37.78731 -122.39881 1 1211076357
37.78685 -122.39808 1 1211076299
37.79109 -122.40108 1 1211076174
37.79058 -122.40413 1 1211076113
37.79047 -122.40347 1 1211076089
37.79074 -122.4017 1 1211076029
37.79046 -122.40086 0 1211076002
37.79204 -122.39751 0 1211075952
37.79376 -122.39641 0 1211075882
37.79393 -122.39656 0 1211075822
37.79645 -122.39671 0 1211075762
37.79513 -122.39379 0 1211075712
37.79065 -122.38943 0 1211075650
37.79065 -122.38943 1 1211075641
37.78937 -122.38875 1 1211075591
37.78729 -122.39137 1 1211075536
37.78759 -122.39524 1 1211075467
37.79018 -122.39771 1 1211075407
37.78967 -122.39915 1 1211075347
37.79007 -122.3991 1 1211075326
37.79161 -122.40144 1 1211075262
37.79075 -122.40421 1 1211075217
37.78928 -122.40536 1 1211075147
37.78829 -122.40374 0 1211075093
37.7855 -122.4011 0 1211075034
37.78166 -122.39643 0 1211074972
37.7793 -122.39321 0 1211074913
37.77913 -122.39296 1 1211074911
37.77688 -122.39519 1 1211074836
37.77625 -122.39839 1 1211074775
37.77344 -122.40273 1 1211074715
37.77147 -122.4056 1 1211074653
37.77382 -122.40855 1 1211074627
37.77869 -122.41466 1 1211074566
37.78252 -122.41569 1 1211074506
37.78754 -122.41676 1 1211074459
37.79078 -122.41919 1 1211074392
37.79071 -122.42251 1 1211074324
37.79072 -122.42259 0 1211074305
37.79011 -122.42432 0 1211074250
37.78957 -122.42821 0 1211074205
37.78956 -122.42832 1 1211074204
37.78964 -122.42905 1 1211074180
37.79258 -122.42953 1 1211074115
37.79496 -122.42979 1 1211074050
37.79543 -122.42639 1 1211073997
37.79607 -122.42093 1 1211073935
37.79724 -122.41134 1 1211073870
37.79955 -122.40872 1 1211073812
37.79959 -122.40864 0 1211073779
37.80084 -122.40609 0 1211073732
37.80085 -122.4061 1 1211073717
37.80074 -122.40721 1 1211073694
37.80043 -122.40963 1 1211073632
37.80032 -122.41048 1 1211073592
37.80016 -122.41167 1 1211073517
37.79944 -122.41731 1 1211073462
37.79919 -122.41941 1 1211073392
37.79889 -122.42226 1 1211073337
37.79888 -122.42245 0 1211073314
37.80019 -122.42266 0 1211073255
37.80075 -122.42277 0 1211073221
37.80073 -122.42266 1 1211073219
37.80078 -122.42174 1 1211073158
37.79732 -122.42032 1 1211073098
37.79548 -122.41999 1 1211073059
37.79243 -122.4193 1 1211072984
37.79122 -122.41511 1 1211072918
37.79159 -122.41213 1 1211072858
37.7917 -122.41276 0 1211072811
37.79153 -122.41424 0 1211072750
37.79152 -122.41424 1 1211072748
37.79175 -122.41279 1 1211072698
37.78775 -122.41168 1 1211072637
37.78739 -122.40926 1 1211072577
37.78786 -122.40808 0 1211072548
37.78833 -122.40855 0 1211072493
37.78893 -122.40864 0 1211072438
37.78801 -122.41179 0 1211072371
37.78722 -122.41485 0 1211072311
37.785 -122.41447 1 1211072290
37.7827 -122.42238 1 1211072105
37.77729 -122.42137 1 1211072044
37.77489 -122.42087 1 1211071984
37.77275 -122.42231 1 1211071926
37.77001 -122.42232 1 1211071864
37.77007 -122.42228 0 1211071839
37.76846 -122.42217 0 1211071777
37.76633 -122.42199 0 1211071719
37.7619 -122.42159 0 1211071656
37.75988 -122.42139 0 1211071596
37.75655 -122.42108 0 1211071535
37.75214 -122.42074 0 1211071475
37.752 -122.42241 0 1211071418
37.75198 -122.42307 1 1211071406
37.755 -122.42616 1 1211071346
37.75735 -122.42805 1 1211071286
37.76118 -122.42891 1 1211071237
37.76105 -122.43244 1 1211071169
37.76077 -122.43496 1 1211071098
37.76082 -122.43496 0 1211071057
37.76079 -122.4349 0 1211070992
37.7608 -122.43492 0 1211070932
37.76079 -122.43494 0 1211070872
37.7601 -122.43495 0 1211070811
37.75569 -122.43451 0 1211070749
37.75177 -122.43414 0 1211070688
37.75138 -122.43419 0 1211070628
37.75197 -122.43412 0 1211070567
37.75195 -122.43425 0 1211070507
37.75196 -122.43422 0 1211070451
37.75194 -122.43424 0 1211070391
37.75193 -122.43422 0 1211070326
37.75194 -122.43422 0 1211070266
37.75173 -122.43404 0 1211070205
37.75085 -122.42822 0 1211070145
37.752 -122.42383 0 1211070085
37.75204 -122.42272 0 1211070053
37.75216 -122.4204 0 1211069993
37.75072 -122.41809 0 1211069933
37.75046 -122.41612 0 1211069872
37.74834 -122.41486 0 1211069813
37.74842 -122.40924 0 1211069758
37.7496 -122.3995 0 1211069694
37.75126 -122.39525 0 1211069611
37.75141 -122.39519 0 1211066087
37.75138 -122.39517 0 1211066059
37.75145 -122.39517 0 1211065962
37.75155 -122.39519 0 1211065900
37.75155 -122.39519 0 1211065836
37.75168 -122.39521 0 1211065780
37.75167 -122.3952 0 1211065725
37.75186 -122.39517 0 1211065661
37.75189 -122.39514 0 1211065600
37.74989 -122.39394 0 1211065539
37.74919 -122.40346 0 1211065474
37.75712 -122.40388 0 1211065414
37.76472 -122.40518 0 1211065373
37.76592 -122.40529 1 1211065357
37.76882 -122.40782 1 1211065301
37.77033 -122.42189 1 1211065245
37.77231 -122.42369 1 1211065177
37.77468 -122.4242 1 1211065152
37.77464 -122.42568 1 1211065092
37.77447 -122.4273 1 1211065043
37.77331 -122.43748 1 1211064910
37.77329 -122.43761 1 1211064862
37.77339 -122.43767 1 1211064791
37.77387 -122.43761 1 1211064742
37.77446 -122.43772 1 1211064681
37.77454 -122.44162 1 1211064620
37.77393 -122.4465 1 1211064549
37.77383 -122.44696 1 1211064497
37.7756 -122.44656 1 1211064444
37.77585 -122.44639 1 1211064368
37.77595 -122.44642 1 1211064308
37.77638 -122.44217 1 1211064249
37.77708 -122.43654 1 1211064187
37.77768 -122.43224 1 1211064127
37.77836 -122.42696 1 1211064068
37.77881 -122.42164 1 1211064007
37.77825 -122.42018 1 1211063955
37.7785 -122.42016 1 1211063903
37.7803 -122.42037 0 1211063857
37.78189 -122.42082 0 1211063797
37.78449 -122.42126 0 1211063737
37.78639 -122.42159 0 1211063682
37.78856 -122.42206 0 1211063658
37.7898 -122.42233 0 1211063596
37.79164 -122.42272 0 1211063533
37.79296 -122.42299 0 1211063473
37.79402 -122.4231 0 1211063413
37.799 -122.4241 0 1211063353
37.80253 -122.42486 0 1211063303
37.80366 -122.42509 0 1211063234
37.80404 -122.42546 1 1211063218
37.80135 -122.42626 1 1211063098
37.79975 -122.42592 1 1211063047
37.79386 -122.42483 1 1211062983
37.78929 -122.42359 1 1211062924
37.79031 -122.42223 1 1211062862
37.79017 -122.4238 1 1211062802
37.79017 -122.4238 0 1211062801
37.79013 -122.42385 1 1211062800
37.7896 -122.42375 1 1211062763
37.78796 -122.42365 1 1211062703
37.78423 -122.42273 1 1211062642
37.78338 -122.42264 1 1211062581
37.78261 -122.42218 1 1211062528
37.78036 -122.42197 1 1211062465
37.77719 -122.42082 1 1211062403
37.77728 -122.41743 1 1211062339
37.77874 -122.41493 1 1211062286
37.77947 -122.4151 0 1211062248
37.78079 -122.41503 0 1211062183
37.78072 -122.4127 0 1211062148
37.77871 -122.41001 0 1211062093
37.77869 -122.41002 1 1211062083
37.77626 -122.41157 1 1211061956
37.77923 -122.41504 1 1211061896
37.78347 -122.41573 1 1211061849
37.78553 -122.41636 1 1211061776
37.7883 -122.41654 1 1211061716
37.79023 -122.41724 1 1211061674
37.7931 -122.41787 1 1211061615
37.79553 -122.41834 1 1211061552
37.79867 -122.41895 1 1211061497
37.80084 -122.41944 1 1211061437
37.80474 -122.42052 1 1211061381
37.80433 -122.42323 1 1211061343
37.80438 -122.42331 0 1211061267
37.8042 -122.42401 0 1211061202
37.80421 -122.4241 0 1211061189
37.80421 -122.42411 1 1211061174
37.80427 -122.42417 1 1211061107
37.80384 -122.42665 1 1211061047
37.80279 -122.42653 1 1211060986
37.79999 -122.42597 1 1211060926
37.79441 -122.42557 1 1211060867
37.78923 -122.42374 1 1211060811
37.78793 -122.42625 1 1211060746
37.78652 -122.43344 1 1211060683
37.78511 -122.4331 0 1211060582
37.78439 -122.43289 0 1211060516
37.7837 -122.43277 0 1211060459
37.78339 -122.43277 0 1211060399
37.78277 -122.43262 0 1211060340
37.78247 -122.43237 0 1211060278
37.78159 -122.4323 0 1211060217
37.78384 -122.43117 0 1211060152
37.78404 -122.43152 0 1211060067
37.78305 -122.43207 0 1211059988
37.78304 -122.43207 1 1211059985
37.78304 -122.43207 1 1211059974
37.78271 -122.43201 1 1211059902
37.78162 -122.43236 1 1211059842
37.78159 -122.43233 1 1211059781
37.78004 -122.43209 1 1211059721
37.77779 -122.43157 1 1211059660
37.77673 -122.43139 1 1211059603
37.77531 -122.4311 1 1211059539
37.77396 -122.43077 1 1211059479
37.77337 -122.43072 1 1211059419
37.77099 -122.43018 1 1211059359
37.76932 -122.42912 1 1211059297
37.7686 -122.42904 1 1211059238
37.76699 -122.42889 1 1211059176
37.76528 -122.42872 1 1211059115
37.76273 -122.42846 1 1211059054
37.76136 -122.42801 1 1211058994
37.75989 -122.42574 1 1211058933
37.76001 -122.42339 1 1211058882
37.76098 -122.42154 1 1211058815
37.76098 -122.42156 0 1211058773
37.76094 -122.42158 0 1211058713
37.76159 -122.42166 0 1211058681
37.7617 -122.42234 0 1211058621
37.75975 -122.4236 0 1211058561
37.75534 -122.42314 0 1211058505
37.75286 -122.42291 0 1211058442
37.7528 -122.42074 0 1211058379
37.75311 -122.4208 0 1211058327
37.75312 -122.42081 0 1211058231
37.75307 -122.42079 0 1211058189
37.75332 -122.42083 0 1211058129
37.75332 -122.42084 1 1211058127
37.75336 -122.42086 1 1211058094
37.75386 -122.41863 1 1211058040
37.75414 -122.4165 1 1211057987
37.75613 -122.41665 1 1211057913
37.76106 -122.41712 1 1211057853
37.76331 -122.41737 1 1211057793
37.76822 -122.41789 1 1211057733
37.76868 -122.41789 1 1211057710
37.77037 -122.4177 1 1211057649
37.77136 -122.41809 1 1211057589
37.77275 -122.41866 1 1211057529
37.7739 -122.41907 1 1211057480
37.77544 -122.41919 1 1211057408
37.77611 -122.4196 1 1211057348
37.77796 -122.41988 1 1211057289
37.78055 -122.42044 1 1211057232
37.78283 -122.42102 1 1211057172
37.78268 -122.42279 0 1211057121
37.78204 -122.42728 0 1211057061
37.78178 -122.42997 0 1211057006
37.78126 -122.43398 0 1211056941
37.78192 -122.43647 0 1211056881
37.7819 -122.43645 1 1211056879
37.78191 -122.43647 1 1211056851
37.78191 -122.43646 1 1211056790
37.7819 -122.43646 1 1211056730
37.78189 -122.43647 1 1211056670
37.78106 -122.43562 1 1211056612
37.78179 -122.42953 1 1211056549
37.78251 -122.42399 1 1211056489
37.78272 -122.42232 1 1211056429
37.78305 -122.42133 1 1211056411
37.78404 -122.41917 1 1211056347
37.78427 -122.41676 1 1211056297
37.78458 -122.41387 1 1211056224
37.78515 -122.40902 1 1211056164
37.78404 -122.40801 1 1211056110
37.7847 -122.40804 1 1211056044
37.78492 -122.40665 1 1211055984
37.7861 -122.4055 0 1211055934
37.78673 -122.40471 0 1211055888
37.78797 -122.40288 0 1211055856
37.78892 -122.40242 0 1211055798
37.7896 -122.40275 0 1211055773
37.79142 -122.40785 0 1211055707
37.78794 -122.4086 0 1211055647
37.78794 -122.4106 0 1211055587
37.78735 -122.41517 0 1211055532
37.78893 -122.41701 0 1211055466
37.79107 -122.4167 0 1211055410
37.7911 -122.41646 1 1211055404
37.79128 -122.41488 1 1211055361
37.79115 -122.41485 1 1211055285
37.79168 -122.41227 1 1211055225
37.79257 -122.4091 1 1211055164
37.79286 -122.4096 1 1211055109
37.79455 -122.40972 1 1211055043
37.79461 -122.41072 1 1211054984
37.79463 -122.41073 1 1211054922
37.79553 -122.41171 1 1211054861
37.79824 -122.41217 1 1211054801
37.80236 -122.413 1 1211054741
37.80235 -122.41293 1 1211054680
37.80561 -122.41372 1 1211054620
37.80556 -122.41371 0 1211054570
37.80478 -122.42009 0 1211054508
37.8043 -122.42362 0 1211054453
37.80396 -122.42615 0 1211054386
37.80385 -122.42692 0 1211054329
37.8039 -122.42691 0 1211054265
37.80388 -122.42692 0 1211054213
37.80388 -122.42692 0 1211054143
37.80387 -122.42693 0 1211054126
37.80382 -122.42736 0 1211054026
37.80215 -122.42463 0 1211053860
37.80199 -122.42453 0 1211053800
37.80275 -122.42493 0 1211053739
37.80429 -122.42523 0 1211053729
37.8059 -122.42558 0 1211053682
37.80603 -122.42555 0 1211053681
37.80603 -122.42555 1 1211053658
37.80125 -122.42619 1 1211053480
37.79969 -122.42586 1 1211053379
37.7935 -122.42458 1 1211053304
37.78929 -122.42384 1 1211053252
37.78816 -122.42358 1 1211053178
37.78508 -122.42294 1 1211053118
37.78518 -122.42404 1 1211053057
37.78521 -122.42587 1 1211052998
37.7844 -122.43216 1 1211052941
37.78316 -122.43976 1 1211052876
37.78274 -122.44297 0 1211052844
37.7821 -122.44737 0 1211052774
37.77918 -122.44713 0 1211052658
37.77883 -122.4454 1 1211052503
37.78102 -122.44775 1 1211052442
37.78202 -122.45095 1 1211052389
37.78234 -122.44795 1 1211052322
37.78376 -122.438 1 1211052266
37.7841 -122.4352 1 1211052204
37.78601 -122.42149 1 1211052082
37.78603 -122.41939 1 1211052022
37.7861 -122.41613 1 1211051968
37.78726 -122.40929 1 1211051901
37.78777 -122.40815 1 1211051844
37.78831 -122.40873 1 1211051781
37.78894 -122.40828 1 1211051725
37.78953 -122.40783 1 1211051671
37.78953 -122.40779 0 1211051577
37.78928 -122.40813 1 1211051556
37.78898 -122.40833 1 1211051496
37.78945 -122.40603 1 1211051436
37.78977 -122.40371 1 1211051377
37.78983 -122.40166 1 1211051316
37.79449 -122.40068 1 1211051261
37.79673 -122.40061 1 1211051205
37.79875 -122.40079 1 1211051136
37.79897 -122.39829 1 1211051075
37.7977 -122.39616 1 1211051023
37.79614 -122.39476 1 1211050958
37.79403 -122.39265 1 1211050896
37.79401 -122.39263 0 1211050892
37.79345 -122.3929 1 1211050890
37.7932 -122.3931 1 1211050832
37.79216 -122.3938 1 1211050770
37.79275 -122.39496 1 1211050710
37.79056 -122.39654 1 1211050650
37.79052 -122.39787 1 1211050591
37.79121 -122.39941 1 1211050529
37.78996 -122.40165 1 1211050469
37.7902 -122.40724 1 1211050409
37.79016 -122.40898 1 1211050354
37.78996 -122.41066 1 1211050289
37.78889 -122.41526 1 1211050228
37.78828 -122.41537 0 1211050191
37.78828 -122.41544 0 1211050120
37.7882 -122.41551 0 1211050047
37.78827 -122.41531 0 1211049992
37.78829 -122.41522 0 1211049954
37.78827 -122.41525 0 1211049896
37.78818 -122.41538 0 1211049808
37.78837 -122.41543 0 1211049748
37.78835 -122.41538 0 1211049688
37.7883 -122.41532 0 1211049628
37.78815 -122.41498 0 1211049568
37.78622 -122.41486 0 1211049508
37.78488 -122.41434 0 1211049448
37.78662 -122.41025 0 1211049392
37.78609 -122.41091 0 1211049336
37.78588 -122.41098 0 1211049276
37.786 -122.41105 0 1211049206
37.78608 -122.41111 0 1211049154
37.7863 -122.41121 0 1211049106
37.78602 -122.41226 0 1211049051
37.7857 -122.41443 0 1211048996
37.7857 -122.41443 0 1211048956
37.78599 -122.41443 0 1211048897
37.78569 -122.41443 0 1211048836
37.78569 -122.41443 0 1211048775
37.7857 -122.41442 1 1211048746
37.78573 -122.41439 1 1211048691
37.78578 -122.41447 1 1211048625
37.78579 -122.41446 1 1211048565
37.78573 -122.41444 1 1211048504
37.78572 -122.41445 1 1211048449
37.78582 -122.41453 1 1211048384
37.78574 -122.41449 1 1211048324
37.78572 -122.41448 1 1211048268
37.78522 -122.41465 1 1211048206
37.78571 -122.41422 1 1211048145
37.78526 -122.41846 1 1211048083
37.78462 -122.42117 1 1211048028
37.7849 -122.4211 1 1211047968
37.78881 -122.42203 1 1211047906
37.79038 -122.42233 1 1211047842
37.79499 -122.42334 1 1211047782
37.79749 -122.4238 1 1211047725
37.8011 -122.4255 1 1211047673
37.80049 -122.4304 1 1211047610
37.79983 -122.43533 1 1211047552
37.79932 -122.43968 1 1211047484
37.79879 -122.44288 1 1211047421
37.79564 -122.44366 1 1211047280
37.79553 -122.44049 1 1211047210
37.79374 -122.43908 1 1211047154
37.79509 -122.42875 1 1211047029
37.79536 -122.42631 1 1211046973
37.79575 -122.42319 1 1211046908
37.79605 -122.42093 1 1211046848
37.79725 -122.4114 1 1211046800
37.79751 -122.40837 1 1211046723
37.79807 -122.40519 1 1211046668
37.79879 -122.39995 1 1211046608
37.79833 -122.39674 1 1211046543
37.79501 -122.39364 1 1211046492
37.79503 -122.39365 0 1211046464
37.79406 -122.39265 0 1211046398
37.79351 -122.39275 0 1211046354
37.79336 -122.39324 0 1211046273
37.79442 -122.3948 0 1211046212
37.79304 -122.39692 0 1211046152
37.79197 -122.3979 0 1211046094
37.79226 -122.39825 1 1211046089
37.79129 -122.39742 1 1211046066
37.79118 -122.39543 1 1211046011
37.79287 -122.39366 1 1211045950
37.7968 -122.39575 1 1211045814
37.80051 -122.39899 1 1211045760
37.80366 -122.4018 1 1211045695
37.80654 -122.40578 1 1211045639
37.80683 -122.40642 1 1211045593
37.80727 -122.40696 0 1211045561
37.80727 -122.40696 0 1211045504
37.80683 -122.40578 0 1211045440
37.80675 -122.4056 0 1211045384
37.80664 -122.40546 0 1211045273
37.80665 -122.40544 0 1211045200
37.80634 -122.40496 0 1211045084
37.80538 -122.40379 0 1211045014
37.80767 -122.40806 0 1211044893
37.80784 -122.41111 0 1211044833
37.80735 -122.41389 0 1211044777
37.80549 -122.41361 0 1211044717
37.80382 -122.41333 0 1211044597
37.80478 -122.41349 0 1211044541
37.80749 -122.41398 0 1211044487
37.80765 -122.41319 0 1211044415
37.80767 -122.41319 0 1211044351
37.80766 -122.41317 0 1211044304
37.80762 -122.41313 0 1211044239
37.80771 -122.41238 0 1211044170
37.80705 -122.41742 0 1211044121
37.80659 -122.42074 0 1211044060
37.80639 -122.41905 0 1211043896
37.80665 -122.42044 1 1211043738
37.80586 -122.42039 1 1211043626
37.80453 -122.42015 1 1211043557
37.80022 -122.4192 1 1211043505
37.79564 -122.41836 1 1211043442
37.79368 -122.41806 1 1211043370
37.79225 -122.421 1 1211043310
37.79098 -122.42078 1 1211043250
37.78761 -122.42009 1 1211043202
37.78547 -122.41963 1 1211043130
37.78195 -122.41919 1 1211043074
37.78034 -122.41845 1 1211043014
37.78059 -122.41624 1 1211042949
37.78067 -122.41261 1 1211042888
37.78024 -122.41217 0 1211042865
37.78124 -122.40845 0 1211042805
37.7828 -122.40666 0 1211042766
37.78356 -122.40744 0 1211042720
37.78141 -122.40922 0 1211042665
37.78169 -122.40775 0 1211042606
37.78269 -122.4064 0 1211042544
37.78136 -122.40471 0 1211042491
37.77907 -122.40135 0 1211042433
37.77907 -122.40135 0 1211042418
37.78336 -122.39514 0 1211042358
37.78981 -122.38683 0 1211042298
37.79527 -122.38104 0 1211042272
37.80544 -122.37036 0 1211042214
37.81441 -122.35824 0 1211042165
37.82097 -122.33251 0 1211042055
37.82515 -122.3134 0 1211041931
37.8256 -122.30775 0 1211041866
37.8167 -122.29713 0 1211041820
37.8039 -122.30206 0 1211041764
37.80264 -122.28561 0 1211041709
37.79674 -122.27025 0 1211041655
37.79536 -122.26675 1 1211041646
37.78924 -122.25385 1 1211041608
37.7826 -122.23934 1 1211041545
37.77309 -122.22735 1 1211041483
37.76319 -122.2161 1 1211041439
37.75193 -122.20621 1 1211041381
37.74087 -122.1964 1 1211041345
37.73202 -122.18745 1 1211041274
37.73013 -122.19206 1 1211041222
37.72723 -122.19938 1 1211041157
37.71815 -122.20409 1 1211041097
37.71249 -122.20849 1 1211041037
37.71197 -122.2123 1 1211040982
37.71208 -122.2123 1 1211040922
37.71208 -122.21233 1 1211040835
37.7127 -122.2134 1 1211040769
37.71668 -122.20975 1 1211040697
37.72275 -122.20088 1 1211040651
37.72573 -122.19977 1 1211040593
37.72575 -122.19975 1 1211040529
37.7382 -122.19683 1 1211040346
37.74534 -122.20079 1 1211040286
37.77495 -122.2334 1 1211040125
37.7855 -122.24399 1 1211040071
37.78818 -122.25019 1 1211040060
37.79756 -122.27263 1 1211039969
37.81813 -122.29704 1 1211039808
37.82418 -122.31046 1 1211039762
37.82171 -122.32663 1 1211039689
37.79035 -122.38639 1 1211039455
37.78547 -122.39238 1 1211039389
37.79314 -122.40092 1 1211039274
37.7891 -122.40188 1 1211039208
37.7924 -122.40212 1 1211039153
37.79388 -122.40272 1 1211039088
37.79449 -122.40505 1 1211039059
37.79421 -122.40812 1 1211038968
37.79366 -122.40964 1 1211038908
37.7936 -122.40963 0 1211038907
37.7927 -122.41104 0 1211038841
37.79248 -122.41102 0 1211038781
37.7925 -122.41081 0 1211038723
37.79252 -122.41082 0 1211038661
37.79252 -122.41081 0 1211038613
37.79247 -122.41078 0 1211038553
37.79236 -122.41076 0 1211038495
37.79208 -122.41077 0 1211038456
37.79213 -122.41078 0 1211038396
37.79212 -122.4108 0 1211038335
37.79209 -122.4108 0 1211038275
37.79209 -122.41079 0 1211038217
37.79208 -122.41074 0 1211038159
37.7921 -122.41081 0 1211038093
37.79211 -122.4108 0 1211038033
37.79214 -122.41081 0 1211037972
37.79217 -122.41085 0 1211037912
37.79194 -122.41083 0 1211037852
37.79181 -122.41084 0 1211037792
37.79196 -122.41077 0 1211037731
37.79195 -122.4108 0 1211037671
37.79205 -122.41078 0 1211037611
37.7921 -122.41082 0 1211037553
37.79187 -122.41079 0 1211037490
37.79195 -122.41076 0 1211037431
37.7918 -122.4108 0 1211037371
37.79185 -122.4108 0 1211037314
37.79188 -122.41076 0 1211037254
37.79202 -122.41066 0 1211037193
37.79204 -122.41065 0 1211037132
37.79199 -122.41067 0 1211037074
37.79195 -122.41066 0 1211037012
37.79192 -122.41067 0 1211036952
37.79191 -122.4105 0 1211036893
37.79228 -122.40735 0 1211036832
37.79353 -122.40263 0 1211036777
37.79499 -122.40321 0 1211036722
37.79747 -122.40619 0 1211036661
37.79968 -122.40918 0 1211036600
37.79972 -122.40913 0 1211036551
37.80142 -122.40942 0 1211036475
37.80234 -122.40945 0 1211036453
37.80234 -122.40945 1 1211036448
37.80253 -122.40801 1 1211036421
37.80263 -122.40683 1 1211036364
37.80267 -122.40687 1 1211036299
37.80261 -122.40694 1 1211036265
37.80016 -122.40752 1 1211036204
37.79768 -122.40639 1 1211036144
37.79656 -122.40525 1 1211036083
37.79123 -122.40411 1 1211036026
37.78699 -122.40374 1 1211035965
37.78619 -122.40171 1 1211035903
37.78845 -122.4019 1 1211035850
37.7866 -122.40442 1 1211035787
37.7865 -122.40433 0 1211035757
37.78579 -122.40575 0 1211035697
37.78448 -122.4074 0 1211035639
37.78279 -122.40651 0 1211035578
37.78352 -122.40248 0 1211035516
37.78356 -122.40243 1 1211035515
37.78409 -122.40186 1 1211035475
37.78532 -122.40028 1 1211035415
37.78702 -122.40036 1 1211035369
37.78924 -122.40318 1 1211035312
37.79067 -122.40218 1 1211035254
37.79243 -122.40268 1 1211035187
37.79221 -122.40769 1 1211035126
37.79181 -122.41065 1 1211035066
37.79184 -122.41072 0 1211035007
37.79161 -122.411 0 1211034947
37.79176 -122.41098 0 1211034886
37.79172 -122.4111 0 1211034826
37.79172 -122.4111 0 1211034767
37.79185 -122.41108 0 1211034706
37.79186 -122.41107 0 1211034646
37.79187 -122.41106 0 1211034585
37.79179 -122.41104 0 1211034525
37.79173 -122.41105 0 1211034465
37.79172 -122.41108 0 1211034404
37.79174 -122.41111 0 1211034343
37.79176 -122.41108 0 1211034283
37.79175 -122.4113 0 1211034240
37.79175 -122.4113 0 1211034223
37.79132 -122.41458 0 1211034163
37.79093 -122.41822 0 1211034103
37.79054 -122.42085 0 1211034043
37.79054 -122.42085 1 1211034040
37.79041 -122.42229 1 1211033978
37.78815 -122.42357 1 1211033917
37.78461 -122.42307 1 1211033856
37.78507 -122.42682 1 1211033801
37.78365 -122.43745 1 1211033735
37.78267 -122.44446 1 1211033675
37.78171 -122.45265 1 1211033618
37.78106 -122.46119 1 1211033555
37.78126 -122.461 1 1211033495
37.78129 -122.46082 0 1211033493
37.78109 -122.4609 0 1211033435
37.78082 -122.46671 0 1211033360
37.78055 -122.47271 0 1211033305
37.77828 -122.47923 0 1211033179
37.77643 -122.47908 0 1211033119
37.7764 -122.47909 0 1211033087
37.7764 -122.47909 1 1211033057
37.77465 -122.47897 1 1211033030
37.77323 -122.47004 1 1211032953
37.77411 -122.4604 1 1211032889
37.77403 -122.45452 1 1211032829
37.77096 -122.45391 1 1211032769
37.77067 -122.45384 0 1211032767
37.76502 -122.45266 0 1211032693
37.76359 -122.45766 0 1211032647
37.76386 -122.45804 0 1211032585
37.76382 -122.45804 1 1211032570
37.76328 -122.45806 1 1211032547
37.76278 -122.46033 1 1211032476
37.76218 -122.46453 1 1211032427
37.76222 -122.46481 0 1211032403
37.76242 -122.46168 0 1211032343
37.76365 -122.45735 0 1211032288
37.76368 -122.45727 1 1211032248
37.76413 -122.45564 1 1211032189
37.762 -122.44689 1 1211032073
37.76218 -122.44033 1 1211032013
37.76279 -122.4351 1 1211031953
37.76669 -122.4301 1 1211031887
37.77099 -122.42465 1 1211031826
37.77327 -122.42178 1 1211031766
37.77526 -122.41915 1 1211031709
37.77604 -122.4183 0 1211031661
37.77568 -122.41847 0 1211031604
37.77469 -122.4191 0 1211031569
37.7719 -122.41925 0 1211031539
37.77171 -122.41936 1 1211031506
37.76984 -122.41995 1 1211031456
37.76849 -122.41995 1 1211031401
37.76396 -122.41955 1 1211031336
37.76163 -122.41933 1 1211031280
37.75913 -122.41909 1 1211031216
37.75884 -122.41575 1 1211031155
37.76122 -122.41277 1 1211031096
37.76191 -122.40808 1 1211031035
37.76199 -122.40706 1 1211030975
37.76196 -122.40699 0 1211030973
37.762 -122.40673 0 1211030899
37.76201 -122.40673 0 1211030843
37.76202 -122.40636 0 1211030778
37.76201 -122.40725 0 1211030720
37.76403 -122.40743 0 1211030693
37.7677 -122.40785 0 1211030638
37.76937 -122.40859 0 1211030594
37.77022 -122.40959 0 1211030533
37.77402 -122.40813 0 1211030473
37.77507 -122.40565 0 1211030412
37.77459 -122.40543 0 1211030353
37.75947 -122.406 0 1211030274
37.75197 -122.4027 0 1211030237
37.74974 -122.39689 0 1211030176
37.75117 -122.39524 0 1211030111
37.75131 -122.39519 0 1211030062
37.75134 -122.39522 0 1211029991
37.75136 -122.39523 0 1211029931
37.75136 -122.39449 0 1211029875
37.75133 -122.39456 0 1211029811
37.75131 -122.39463 0 1211029768
37.75136 -122.39463 0 1211029708
37.75128 -122.39459 0 1211029647
37.75134 -122.39464 0 1211023178
37.75133 -122.39478 0 1211023158
37.75129 -122.39487 0 1211023102
37.75133 -122.39484 0 1211023036
37.7513 -122.39487 0 1211022976
37.7513 -122.39488 0 1211022916
37.75129 -122.39489 0 1211022856
37.75133 -122.39482 0 1211022801
37.75133 -122.39517 0 1211022740
37.7514 -122.39534 0 1211022676
37.75139 -122.39539 0 1211022616
37.7514 -122.39543 0 1211022567
37.75138 -122.3954 0 1211022496
37.75144 -122.39543 0 1211022444
37.75149 -122.39548 0 1211022373
37.75146 -122.3956 0 1211022320
37.75161 -122.3953 0 1211022132
37.75161 -122.39531 0 1211022095
37.75165 -122.39532 0 1211022025
37.75174 -122.39527 0 1211021965
37.75174 -122.39528 0 1211021905
37.75106 -122.39342 0 1211021845
37.74957 -122.399 0 1211021802
37.7489 -122.40368 0 1211021724
37.75745 -122.40413 0 1211021664
37.76719 -122.40549 0 1211021603
37.76941 -122.4127 0 1211021563
37.77201 -122.42359 0 1211021503
37.77468 -122.42421 0 1211021442
37.77456 -122.42585 0 1211021387
37.77438 -122.42756 0 1211021321
37.77397 -122.43115 0 1211021269
37.77298 -122.43889 0 1211021205
37.77204 -122.44618 0 1211021140
37.77137 -122.45324 0 1211021080
37.77466 -122.45522 0 1211021025
37.77416 -122.45944 0 1211020960
37.77328 -122.46781 0 1211020900
37.77307 -122.4725 0 1211020840
37.7727 -122.48111 0 1211020780
37.77234 -122.48921 0 1211020720
37.77346 -122.49287 0 1211020665
37.77356 -122.49288 1 1211020658
37.77365 -122.49289 1 1211020638
37.77364 -122.49289 1 1211020577
37.7736 -122.49289 1 1211020521
37.77402 -122.49402 1 1211020455
37.77405 -122.49308 1 1211020395
37.77228 -122.49062 1 1211020335
37.77258 -122.4845 1 1211020285
37.77273 -122.48091 1 1211020215
37.77315 -122.4717 1 1211020154
37.77361 -122.46411 1 1211020094
37.77468 -122.45551 1 1211020036
37.77216 -122.45266 1 1211019973
37.77322 -122.44453 1 1211019913
37.77361 -122.44112 1 1211019853
37.77259 -122.44071 1 1211019793
37.77098 -122.4404 1 1211019739
37.76765 -122.43825 1 1211019677
37.76744 -122.43402 1 1211019633
37.76431 -122.4326 1 1211019561
37.76472 -122.42618 1 1211019501
37.76506 -122.42199 1 1211019443
37.76533 -122.42201 0 1211019426
37.76812 -122.42282 0 1211019366
37.76797 -122.42503 0 1211019318
37.76616 -122.42819 0 1211019244
37.76569 -122.43107 0 1211019184
37.76287 -122.43471 0 1211019123
37.76159 -122.43509 0 1211019068
37.76107 -122.43259 0 1211019003
37.76132 -122.42849 0 1211018949
37.76521 -122.42878 0 1211018884
37.76559 -122.43123 0 1211018823
37.76302 -122.43459 0 1211018768
37.76122 -122.43501 0 1211018713
37.75696 -122.43463 0 1211018643
37.75233 -122.43419 0 1211018593
37.74967 -122.42729 0 1211018477
37.74574 -122.42685 0 1211018406
