37.75132 -122.39389 0 1211130013
37.75134 -122.39388 0 1211129996
37.75134 -122.39388 1 1211129971
37.75134 -122.39389 0 1211129964
37.75132 -122.39388 0 1211129908
37.75131 -122.39388 0 1211129843
37.75135 -122.39389 0 1211129783
37.75138 -122.39391 0 1211129734
37.75137 -122.39391 0 1211129662
37.75136 -122.39383 0 1211129601
37.75134 -122.39376 0 1211129541
37.75135 -122.39374 0 1211129482
37.75135 -122.39374 0 1211129420
37.75135 -122.39378 0 1211129360
37.75132 -122.39374 0 1211129299
37.75134 -122.39376 0 1211129239
37.75141 -122.39378 0 1211129178
37.75186 -122.39423 0 1211129118
37.75132 -122.39427 0 1211129058
37.75135 -122.3942 0 1211128998
37.75027 -122.3934 0 1211128938
37.74582 -122.39364 0 1211128877
37.73594 -122.40472 0 1211128817
37.7317 -122.41972 0 1211128762
37.73133 -122.4275 0 1211128703
37.73326 -122.433 0 1211128636
37.73482 -122.43151 0 1211128581
37.73677 -122.42975 0 1211128525
37.73678 -122.42964 0 1211128461
37.73678 -122.42958 0 1211128396
37.73687 -122.42968 0 1211128336
37.73688 -122.42969 0 1211128282
37.73692 -122.42966 0 1211128215
37.73694 -122.42962 0 1211128154
37.7369 -122.42962 0 1211128094
37.73682 -122.42964 0 1211128033
37.73684 -122.42961 0 1211127973
37.73684 -122.42961 0 1211127912
37.73684 -122.42959 0 1211127852
37.7369 -122.42964 0 1211127791
37.73694 -122.42957 0 1211127735
37.73696 -122.42958 0 1211127671
37.73694 -122.4296 0 1211127611
37.73692 -122.42958 0 1211127550
37.73687 -122.4296 0 1211127490
37.73694 -122.4296 0 1211127430
37.7369 -122.42962 0 1211127375
37.73692 -122.4296 0 1211127342
37.73691 -122.42964 0 1211127281
37.73691 -122.42963 0 1211127225
37.73689 -122.42964 0 1211127160
37.73686 -122.42962 0 1211127100
37.73691 -122.42961 0 1211127040
37.73687 -122.42964 0 1211126979
37.73686 -122.42964 0 1211126919
37.73694 -122.42966 0 1211126863
37.73688 -122.42966 0 1211126804
37.73689 -122.42964 0 1211126741
37.7369 -122.42961 0 1211126681
37.73692 -122.42958 0 1211126617
37.73677 -122.42964 0 1211126559
37.73693 -122.42954 0 1211126494
37.73692 -122.42952 0 1211126441
37.7369 -122.4296 0 1211126386
37.73686 -122.42962 0 1211126325
37.73686 -122.42961 0 1211126264
37.73688 -122.4296 0 1211126200
37.73689 -122.42962 0 1211126140
37.73687 -122.42959 0 1211126084
37.73685 -122.42959 0 1211126024
37.73687 -122.42958 0 1211125969
37.73688 -122.42958 0 1211125915
37.73691 -122.42955 0 1211125839
37.7369 -122.42961 0 1211125778
37.7369 -122.42961 0 1211125718
37.7369 -122.42958 0 1211125663
37.7369 -122.42959 0 1211125598
37.73689 -122.42957 0 1211125536
37.73689 -122.42957 0 1211125485
37.73691 -122.42956 0 1211125420
37.7369 -122.42957 0 1211125354
37.73691 -122.42957 0 1211125294
37.73691 -122.42958 0 1211125233
37.73688 -122.42956 0 1211125173
37.73694 -122.42964 0 1211125120
37.73695 -122.42957 0 1211125058
37.74021 -122.43034 0 1211125002
37.74204 -122.42863 0 1211124933
37.74377 -122.42643 0 1211124879
37.74968 -122.42268 0 1211124710
37.74811 -122.42237 0 1211124688
37.74801 -122.4202 0 1211124619
37.74605 -122.42005 0 1211124568
37.74173 -122.42235 0 1211124503
37.73689 -122.42414 0 1211124450
37.7334 -122.42506 0 1211124375
37.73214 -122.42163 0 1211124315
37.73407 -122.40623 0 1211124260
37.72151 -122.40022 0 1211124199
37.70319 -122.39365 0 1211124124
37.67634 -122.38857 0 1211124019
37.65334 -122.40685 0 1211123908
37.64665 -122.40548 0 1211123848
37.64374 -122.40371 0 1211123793
37.64369 -122.40365 0 1211123468
37.64017 -122.40546 0 1211123361
37.62704 -122.40181 0 1211123320
37.61676 -122.38595 0 1211123195
37.61579 -122.38777 1 1211123152
37.61426 -122.39237 1 1211122970
37.62342 -122.40132 1 1211122905
37.67282 -122.39046 1 1211122734
37.68635 -122.39015 1 1211122678
37.69965 -122.39315 1 1211122623
37.72535 -122.40202 1 1211122534
37.74533 -122.40509 1 1211122526
37.74698 -122.40456 0 1211122456
37.76459 -122.40515 1 1211122373
37.76842 -122.40652 0 1211122371
37.76842 -122.40652 0 1211122352
37.76882 -122.40806 1 1211122350
37.78033 -122.4271 1 1211122042
37.78446 -122.42795 1 1211121977
37.78957 -122.42903 1 1211121857
37.79303 -122.42974 1 1211121802
37.7967 -122.43037 1 1211121732
37.80055 -122.43123 1 1211121675
37.80183 -122.43143 1 1211121616
37.80288 -122.43449 1 1211121551
37.80432 -122.43536 1 1211121501
37.8043 -122.43536 0 1211121480
37.80422 -122.43522 0 1211121434
37.80189 -122.42817 0 1211121298
37.80121 -122.42448 0 1211121243
37.79985 -122.42115 0 1211121178
37.79619 -122.42009 0 1211121118
37.79728 -122.41136 0 1211121105
37.79792 -122.40672 0 1211120997
37.79355 -122.4045 0 1211120955
37.79221 -122.40405 0 1211120876
37.78746 -122.40341 0 1211120768
37.78546 -122.40114 0 1211120723
37.78415 -122.39935 0 1211120647
37.78331 -122.39652 0 1211120587
37.78446 -122.39763 1 1211120585
37.78375 -122.39883 1 1211120542
37.78255 -122.40178 1 1211120475
37.78522 -122.40511 1 1211120422
37.78838 -122.40717 1 1211120356
37.78763 -122.41362 1 1211120295
37.78697 -122.41933 1 1211120234
37.78659 -122.42177 1 1211120164
37.78615 -122.42197 1 1211120104
37.78615 -122.42198 1 1211120047
37.78611 -122.42574 1 1211119987
37.78547 -122.43113 1 1211119926
37.78266 -122.43031 1 1211119861
37.7836 -122.43026 1 1211119741
37.78363 -122.43025 1 1211119680
37.78358 -122.43029 1 1211119620
37.78513 -122.43147 1 1211119569
37.78815 -122.4318 1 1211119506
37.79213 -122.43134 1 1211119439
37.79583 -122.43198 1 1211119384
37.79927 -122.43264 1 1211119343
37.79907 -122.43079 0 1211119241
37.79905 -122.43078 1 1211119239
37.79902 -122.4308 1 1211119160
37.79466 -122.4333 1 1211119018
37.78974 -122.43444 1 1211118932
37.78942 -122.43656 1 1211118887
37.78942 -122.4366 0 1211118843
37.7894 -122.43666 0 1211118715
37.78964 -122.43565 0 1211118646
37.78991 -122.43344 0 1211118633
37.78722 -122.43177 0 1211118566
37.78616 -122.43156 0 1211118512
37.78674 -122.42808 0 1211118455
37.78716 -122.42523 0 1211118422
37.78759 -122.42137 0 1211118357
37.78865 -122.41298 0 1211118297
37.78958 -122.40748 0 1211118241
37.7898 -122.40525 0 1211118176
37.79023 -122.40039 0 1211118120
37.79185 -122.3978 0 1211118060
37.79276 -122.39414 0 1211117930
37.79275 -122.39423 1 1211117924
37.79154 -122.39873 1 1211117812
37.79086 -122.40404 1 1211117691
37.7898 -122.41227 1 1211117646
37.78897 -122.4188 1 1211117570
37.78807 -122.42509 1 1211117514
37.78721 -122.43197 1 1211117449
37.78497 -122.43302 1 1211117388
37.78377 -122.43663 1 1211117328
37.7828 -122.44332 1 1211117268
37.78169 -122.45327 1 1211117208
37.78097 -122.46526 1 1211117149
37.78074 -122.46972 1 1211117086
37.78038 -122.47726 1 1211117024
37.7799 -122.48769 1 1211116964
37.77945 -122.49774 1 1211116906
37.77916 -122.50412 1 1211116851
37.7723 -122.50571 1 1211116739
37.77169 -122.5041 0 1211116685
37.77219 -122.49327 0 1211116616
37.77249 -122.48576 0 1211116551
37.77307 -122.47313 0 1211116491
37.77516 -122.4671 0 1211116436
37.77857 -122.46638 0 1211116351
37.77842 -122.46636 1 1211116344
37.77839 -122.46634 1 1211116312
37.7784 -122.46625 1 1211116252
37.7778 -122.46625 1 1211116218
37.7735 -122.46529 1 1211116158
37.77471 -122.45477 1 1211116098
37.77228 -122.45183 1 1211116039
37.7733 -122.44364 1 1211115978
37.77407 -122.43772 1 1211115923
37.77129 -122.43706 1 1211115862
37.7667 -122.43554 1 1211115797
37.76399 -122.43308 1 1211115736
37.76087 -122.43279 1 1211115675
37.76051 -122.42829 1 1211115616
37.7604 -122.42838 0 1211115602
37.7605 -122.42845 0 1211115551
37.76057 -122.43054 0 1211115511
37.76122 -122.4292 0 1211115484
37.76239 -122.42853 0 1211115468
37.76672 -122.42896 0 1211115402
37.76672 -122.42896 1 1211115400
37.76673 -122.42882 1 1211115372
37.76473 -122.42591 1 1211115312
37.76327 -122.42203 1 1211115252
37.7619 -122.41934 1 1211115192
37.76117 -122.41929 0 1211115142
37.75638 -122.41884 0 1211115082
37.7535 -122.41849 0 1211115022
37.7524 -122.4152 0 1211114971
37.75265 -122.41159 0 1211114906
37.75285 -122.40804 0 1211114841
37.7561 -122.40669 0 1211114787
37.75659 -122.40524 0 1211114730
37.75547 -122.40516 0 1211114665
37.75541 -122.40511 0 1211114603
37.75434 -122.40248 0 1211114543
37.74956 -122.40277 0 1211114483
37.74968 -122.39844 0 1211114425
37.75047 -122.39538 0 1211114361
37.75133 -122.39506 0 1211114301
37.75138 -122.39505 0 1211114240
37.75133 -122.39505 0 1211114180
37.75132 -122.39505 0 1211114119
37.7514 -122.39501 0 1211114059
37.75137 -122.39498 0 1211114001
37.75127 -122.39497 0 1211113938
37.75123 -122.39496 0 1211113878
37.75141 -122.3949 0 1211113822
37.7518 -122.39402 0 1211113757
37.75159 -122.39401 0 1211113702
37.75152 -122.39394 0 1211113642
37.75152 -122.39398 0 1211113585
37.75149 -122.39399 0 1211113517
37.75149 -122.394 0 1211113456
37.75149 -122.39398 0 1211113396
37.75141 -122.3939 0 1211113314
37.75162 -122.39532 0 1211109587
37.75164 -122.39535 0 1211109531
37.75164 -122.39532 0 1211109471
37.7517 -122.39525 0 1211109405
37.75022 -122.39341 0 1211109350
37.75488 -122.39233 0 1211109284
37.76401 -122.39368 0 1211109227
37.76292 -122.3911 0 1211109166
37.76228 -122.3936 0 1211109105
37.76229 -122.39361 1 1211109101
37.76698 -122.39531 1 1211109041
37.77398 -122.40201 1 1211108976
37.7715 -122.40549 1 1211108916
37.77608 -122.4112 1 1211108855
37.7791 -122.41499 1 1211108801
37.78528 -122.41621 1 1211108735
37.78608 -122.41821 1 1211108675
37.78654 -122.41451 1 1211108655
37.78654 -122.41451 1 1211108631
37.78654 -122.41451 1 1211108615
37.7868 -122.41404 0 1211108577
37.78766 -122.4134 1 1211108576
37.78766 -122.4134 1 1211108561
37.78767 -122.4137 1 1211108527
37.7869 -122.41982 1 1211108466
37.78606 -122.42316 1 1211108405
37.7791 -122.42169 1 1211108345
37.77407 -122.42065 1 1211108284
37.77218 -122.41961 1 1211108224
37.77213 -122.41988 0 1211108168
37.77211 -122.4198 0 1211108108
37.77212 -122.41965 0 1211108055
37.77206 -122.41965 0 1211107988
37.77211 -122.41961 0 1211107928
37.77204 -122.41958 0 1211107873
37.77203 -122.41966 0 1211107813
37.77203 -122.41967 0 1211107747
37.77212 -122.41975 0 1211107686
37.77202 -122.41968 0 1211107626
37.77212 -122.41982 0 1211107579
37.77212 -122.41982 0 1211107565
37.77211 -122.41982 0 1211107540
37.77217 -122.41992 0 1211107477
37.77222 -122.41993 0 1211107427
37.77214 -122.4198 0 1211107356
37.77218 -122.4198 0 1211107273
37.77223 -122.41981 0 1211107213
37.77206 -122.41976 0 1211107169
37.77204 -122.41976 0 1211107052
37.77231 -122.41996 0 1211106992
37.77225 -122.41991 0 1211106933
37.77228 -122.41987 0 1211106872
37.77225 -122.41988 0 1211106811
37.77026 -122.41943 0 1211106752
37.77127 -122.40629 0 1211106691
37.78217 -122.39676 0 1211106636
37.7919 -122.38456 0 1211106577
37.80197 -122.37379 0 1211106528
37.81227 -122.36274 0 1211106499
37.81787 -122.3475 0 1211106432
37.82107 -122.3316 0 1211106383
37.82473 -122.31535 0 1211106327
37.82538 -122.30661 0 1211106267
37.83212 -122.2944 0 1211106207
37.83963 -122.29716 0 1211106173
37.85278 -122.30008 0 1211106118
37.8658 -122.3038 0 1211106068
37.86809 -122.29755 0 1211106007
37.86946 -122.28988 0 1211105947
37.8708 -122.27935 0 1211105886
37.87165 -122.27288 0 1211105826
37.87202 -122.26783 0 1211105779
37.87105 -122.26772 0 1211105725
37.8681 -122.26437 0 1211105669
37.86803 -122.25908 0 1211105616
37.86637 -122.25714 0 1211105545
37.86638 -122.25717 0 1211105489
37.86647 -122.25539 0 1211105425
37.86618 -122.254 0 1211105369
37.86623 -122.25398 1 1211105363
37.86625 -122.25388 1 1211105313
37.86624 -122.25389 1 1211105292
37.86518 -122.25829 1 1211105230
37.8647 -122.26159 1 1211105171
37.86421 -122.26536 1 1211105136
37.86416 -122.26734 1 1211105085
37.86919 -122.268 1 1211105013
37.87166 -122.27183 1 1211104953
37.87076 -122.2786 1 1211104893
37.87004 -122.28405 1 1211104832
37.86901 -122.29234 1 1211104771
37.86697 -122.30239 1 1211104711
37.85414 -122.29996 1 1211104651
37.84094 -122.29695 1 1211104608
37.82763 -122.29489 1 1211104550
37.82438 -122.31098 1 1211104504
37.82148 -122.32768 1 1211104452
37.81888 -122.34457 1 1211104407
37.80533 -122.36935 1 1211104315
37.79406 -122.38157 1 1211104295
37.78549 -122.39256 1 1211104216
37.78948 -122.39697 1 1211104160
37.788 -122.40325 1 1211104106
37.78651 -122.40649 1 1211104041
37.78645 -122.40921 1 1211103977
37.78766 -122.41098 1 1211103914
37.78774 -122.40999 0 1211103864
37.78795 -122.41001 0 1211103794
37.78786 -122.4128 0 1211103701
37.78733 -122.41658 0 1211103659
37.78679 -122.42013 0 1211103581
37.78573 -122.42113 0 1211103521
37.78515 -122.41976 0 1211103461
37.78791 -122.4199 0 1211103400
37.78805 -122.41841 0 1211103340
37.78714 -122.41872 0 1211103281
37.78554 -122.42316 0 1211103219
37.78462 -122.423 0 1211103157
37.78529 -122.42477 0 1211103103
37.78443 -122.43153 0 1211103038
37.7836 -122.43802 0 1211102977
37.78247 -122.43926 0 1211102953
37.77491 -122.43767 0 1211102867
37.77304 -122.43725 0 1211102855
37.77136 -122.43689 0 1211102811
37.77141 -122.43617 0 1211102795
37.77141 -122.43616 1 1211102771
37.77348 -122.43587 1 1211102710
37.77441 -122.4353 1 1211102650
37.77561 -122.42574 1 1211102607
37.7758 -122.4241 1 1211102534
37.77818 -122.42327 1 1211102474
37.78507 -122.42461 1 1211102409
37.78734 -122.42317 1 1211102349
37.78783 -122.41986 1 1211102305
37.78763 -122.41848 1 1211102229
37.78762 -122.41843 0 1211102215
37.78758 -122.41841 0 1211102165
37.78758 -122.41841 0 1211102153
37.78779 -122.41847 0 1211102102
37.78705 -122.4184 0 1211102040
37.78671 -122.42045 0 1211101973
37.78475 -122.42286 0 1211101911
37.78471 -122.42922 0 1211101851
37.78373 -122.43694 0 1211101814
37.78284 -122.44328 0 1211101754
37.78167 -122.45331 0 1211101695
37.78128 -122.45836 0 1211101632
37.78106 -122.46241 0 1211101573
37.7809 -122.46573 0 1211101508
37.78055 -122.47423 0 1211101454
37.78015 -122.48232 0 1211101397
37.78036 -122.48371 0 1211101327
37.78215 -122.48293 0 1211101272
37.78048 -122.47528 0 1211101063
37.78039 -122.47735 0 1211101044
37.77964 -122.48683 0 1211100965
37.77967 -122.48691 0 1211100927
37.77967 -122.48691 1 1211100900
37.7802 -122.48387 1 1211100831
37.78093 -122.46821 1 1211100715
37.78142 -122.45773 1 1211100655
37.78229 -122.4495 1 1211100594
37.78734 -122.44673 1 1211100538
37.78737 -122.44688 1 1211100481
37.7912 -122.44745 1 1211100418
37.79505 -122.45024 1 1211100350
37.7975 -122.4493 1 1211100301
37.79891 -122.44487 1 1211100237
37.79985 -122.43669 1 1211100167
37.80185 -122.42477 1 1211100120
37.8056 -122.42193 1 1211100046
37.80631 -122.41871 1 1211099985
37.8063 -122.4187 0 1211099961
37.80532 -122.41636 0 1211099906
37.80575 -122.41197 0 1211099841
37.80569 -122.41199 0 1211099780
37.80569 -122.41198 1 1211099779
37.80571 -122.41301 1 1211099738
37.80342 -122.41484 1 1211099695
37.7998 -122.41408 1 1211099625
37.79523 -122.41316 1 1211099557
37.79054 -122.41214 1 1211099497
37.78726 -122.40991 1 1211099377
37.78803 -122.41018 1 1211099293
37.78764 -122.41337 0 1211099234
37.78703 -122.41824 0 1211099174
37.78686 -122.41952 0 1211099128
37.78686 -122.41952 0 1211099113
37.78682 -122.4195 0 1211099092
37.78687 -122.41962 0 1211099038
37.78685 -122.42008 0 1211098978
37.78642 -122.42308 0 1211098911
37.78529 -122.42473 0 1211098851
37.78455 -122.43133 0 1211098791
37.78278 -122.43766 0 1211098730
37.78329 -122.43965 0 1211098669
37.78226 -122.44859 0 1211098609
37.7812 -122.45805 0 1211098549
37.78082 -122.46763 0 1211098494
37.78064 -122.46896 0 1211098439
37.78058 -122.46903 0 1211098313
37.78057 -122.46904 0 1211098248
37.78058 -122.46905 0 1211098199
37.78058 -122.46909 0 1211098013
37.78058 -122.46913 0 1211097896
37.78058 -122.4691 0 1211097831
37.78063 -122.469 0 1211097770
37.78056 -122.46918 0 1211097718
37.78076 -122.4697 0 1211097650
37.78038 -122.47702 0 1211097599
37.78008 -122.4794 0 1211097530
37.77895 -122.4793 0 1211097469
37.77895 -122.4793 1 1211097456
37.77877 -122.48143 1 1211097403
37.78068 -122.47364 1 1211097338
37.78094 -122.46814 1 1211097285
37.7815 -122.45666 1 1211097212
37.7822 -122.44997 1 1211097150
37.78499 -122.44757 1 1211097090
37.78716 -122.44018 1 1211097049
37.78833 -122.4308 1 1211096969
37.78932 -122.4238 1 1211096909
37.79379 -122.42315 1 1211096853
37.79589 -122.42336 1 1211096803
37.79587 -122.4226 1 1211096738
37.79744 -122.41013 1 1211096667
37.79794 -122.40618 1 1211096622
37.79795 -122.40618 0 1211096605
37.79777 -122.4055 0 1211096545
37.79648 -122.40514 0 1211096495
37.79648 -122.40514 0 1211096479
37.79248 -122.40645 0 1211096419
37.78991 -122.40985 1 1211096310
37.78745 -122.41505 1 1211096254
37.78231 -122.41395 1 1211096190
37.77927 -122.41103 1 1211096134
37.77606 -122.41507 1 1211096070
37.77517 -122.41608 1 1211096054
37.77272 -122.41866 1 1211095983
37.76647 -122.41982 1 1211095923
37.76234 -122.4194 1 1211095880
37.75873 -122.41898 1 1211095803
37.75873 -122.41892 0 1211095780
37.75873 -122.41892 1 1211095778
37.75874 -122.41725 1 1211095722
37.76058 -122.41486 1 1211095662
37.76671 -122.41584 1 1211095605
37.76857 -122.41562 1 1211095542
37.76938 -122.41073 1 1211095424
37.76973 -122.40543 1 1211095377
37.77253 -122.40088 1 1211095306
37.77661 -122.39537 1 1211095239
37.77616 -122.39633 0 1211095194
37.77617 -122.39634 1 1211095191
37.77738 -122.39543 1 1211095160
37.78136 -122.40036 1 1211095099
37.7836 -122.403 1 1211095039
37.78537 -122.40629 1 1211094977
37.78304 -122.40962 0 1211094890
37.78304 -122.40962 1 1211094886
37.78201 -122.40839 1 1211094761
37.78111 -122.40863 1 1211094694
37.78416 -122.40494 1 1211094638
37.78459 -122.40007 1 1211094573
37.7788 -122.3926 1 1211094518
37.77666 -122.39552 1 1211094459
37.77631 -122.39845 0 1211094408
37.77021 -122.39731 0 1211094358
37.75725 -122.3921 0 1211094301
37.75007 -122.39147 0 1211094237
37.74966 -122.39433 0 1211094182
37.74981 -122.39419 0 1211094128
37.74977 -122.3943 0 1211094074
37.74987 -122.39419 0 1211093978
37.74983 -122.39426 0 1211093907
37.74969 -122.39434 0 1211093812
37.74968 -122.39435 0 1211093741
37.74972 -122.39432 0 1211093688
37.74973 -122.3943 0 1211093621
37.74971 -122.39435 0 1211093574
37.7497 -122.39433 0 1211093499
37.74969 -122.39437 0 1211093438
37.74969 -122.39439 0 1211093380
37.74974 -122.39479 0 1211093317
37.7481 -122.42025 0 1211093141
37.74838 -122.42038 1 1211093132
37.753 -122.42084 1 1211093066
37.75371 -122.41944 1 1211093008
37.75573 -122.41671 1 1211092947
37.76212 -122.41726 1 1211092883
37.76534 -122.41759 1 1211092825
37.77006 -122.41775 1 1211092756
37.77337 -122.41824 1 1211092701
37.77586 -122.41524 1 1211092636
37.78142 -122.40477 1 1211092529
37.78629 -122.39901 1 1211092399
37.79088 -122.39347 1 1211092333
37.79319 -122.3932 1 1211092274
37.79364 -122.39291 0 1211092217
37.79364 -122.39291 1 1211092216
37.79407 -122.39317 1 1211092171
37.79676 -122.39578 1 1211092116
37.79846 -122.40127 1 1211092050
37.79803 -122.40481 1 1211091985
37.79786 -122.40739 1 1211091930
37.79766 -122.40845 1 1211091865
37.79735 -122.41016 1 1211091821
37.79627 -122.42184 1 1211091761
37.79584 -122.42355 1 1211091699
37.80016 -122.42444 1 1211091626
37.80031 -122.43163 1 1211091564
37.79964 -122.4371 1 1211091504
37.79952 -122.43955 1 1211091444
37.80031 -122.43978 1 1211091384
37.79942 -122.44095 1 1211091328
37.79942 -122.44094 0 1211091319
37.7991 -122.44095 0 1211091253
37.79776 -122.43822 0 1211091132
37.79775 -122.43823 1 1211091129
37.79997 -122.43602 1 1211091023
37.80059 -122.43053 1 1211090950
37.79845 -122.42568 1 1211090908
37.78966 -122.42103 1 1211090717
37.79043 -122.41313 1 1211090658
37.79139 -122.40914 1 1211090589
37.79198 -122.40381 1 1211090529
37.79226 -122.40101 1 1211090473
37.79352 -122.39825 1 1211090385
37.79194 -122.40021 1 1211090258
37.79456 -122.40014 0 1211090183
37.79487 -122.40096 0 1211090117
37.79488 -122.40097 1 1211090113
37.79381 -122.40216 1 1211090066
37.79324 -122.40457 1 1211090005
37.78996 -122.4056 1 1211089940
37.78751 -122.40483 1 1211089890
37.78689 -122.40554 1 1211089819
37.78672 -122.40858 1 1211089754
37.7862 -122.41063 1 1211089700
37.78617 -122.4116 1 1211089644
37.78616 -122.41164 0 1211089631
37.78643 -122.41177 1 1211089629
37.78583 -122.41219 1 1211089588
37.78593 -122.41247 1 1211089545
37.78585 -122.41334 1 1211089479
37.78581 -122.41341 1 1211089450
37.78526 -122.41726 1 1211089399
37.78482 -122.4214 1 1211089344
37.78482 -122.4214 1 1211089329
37.78204 -122.4223 1 1211089285
37.77646 -122.42115 1 1211089223
37.77384 -122.42111 1 1211089148
37.77162 -122.42363 1 1211089088
37.76986 -122.42587 1 1211089028
37.76793 -122.42666 1 1211088967
37.7638 -122.42628 1 1211088913
37.75646 -122.42547 1 1211088847
37.7518 -122.42737 1 1211088787
37.75169 -122.42777 0 1211088747
37.75142 -122.43198 0 1211088691
37.75096 -122.43406 0 1211088626
37.74875 -122.4359 0 1211088565
37.7487 -122.43604 1 1211088564
37.74867 -122.43604 1 1211088522
37.74818 -122.43224 1 1211088468
37.75353 -122.4254 1 1211088342
37.75837 -122.42595 1 1211088298
37.76552 -122.42651 1 1211088162
37.76976 -122.42624 1 1211088102
37.77253 -122.42276 1 1211088051
37.77459 -122.42018 1 1211087988
37.77667 -122.41722 1 1211087933
37.77897 -122.41441 1 1211087866
37.77944 -122.41118 1 1211087801
37.77794 -122.41378 0 1211087712
37.77892 -122.41491 0 1211087652
37.77893 -122.41491 1 1211087648
37.78116 -122.41541 1 1211087587
37.78342 -122.41701 1 1211087527
37.78369 -122.42121 1 1211087484
37.78369 -122.42121 1 1211087467
37.78373 -122.42106 0 1211087458
37.78513 -122.42138 0 1211087407
37.78511 -122.42139 1 1211087390
37.78511 -122.42143 1 1211087369
37.78512 -122.42147 1 1211087236
37.78565 -122.4212 1 1211087166
37.78603 -122.41811 1 1211087105
37.78769 -122.41343 1 1211087050
37.78741 -122.41512 1 1211086987
37.78699 -122.41911 0 1211086963
37.78699 -122.41925 1 1211086917
37.7859 -122.41964 1 1211086860
37.78657 -122.41286 1 1211086794
37.78706 -122.41031 1 1211086726
37.78753 -122.40803 1 1211086666
37.7877 -122.40801 0 1211086662
37.7877 -122.40801 0 1211086642
37.78771 -122.40802 1 1211086640
37.79015 -122.40876 1 1211086558
37.79025 -122.4088 1 1211086518
37.79139 -122.40723 1 1211086437
37.7922 -122.40286 1 1211086330
37.79537 -122.40333 1 1211086253
37.79612 -122.40523 1 1211086193
37.79494 -122.40474 0 1211086172
37.79111 -122.40705 0 1211086107
37.79011 -122.41009 0 1211086071
37.79011 -122.41009 0 1211086046
37.78881 -122.40878 1 1211086009
37.78881 -122.40878 1 1211085994
37.78849 -122.40836 1 1211085927
37.78822 -122.40903 1 1211085865
37.78781 -122.41287 1 1211085805
37.78713 -122.41755 1 1211085749
37.78668 -122.42129 1 1211085694
37.78561 -122.42297 1 1211085619
37.77562 -122.42101 1 1211085499
37.77407 -122.4207 1 1211085440
37.77226 -122.42255 1 1211085377
37.76972 -122.42232 1 1211085318
37.76864 -122.42225 1 1211085262
37.76778 -122.42213 0 1211085233
37.76549 -122.4219 0 1211085190
37.76382 -122.42177 0 1211085131
37.76147 -122.42151 0 1211085070
37.75757 -122.42114 0 1211085021
37.75536 -122.42064 0 1211084950
37.75596 -122.41875 0 1211084890
37.75655 -122.41885 0 1211084835
37.75649 -122.41891 1 1211084827
37.75725 -122.41888 1 1211084794
37.76103 -122.4193 1 1211084738
37.76562 -122.41969 1 1211084683
37.7687 -122.41986 1 1211084631
37.77375 -122.4221 1 1211084565
37.77703 -122.42297 1 1211084504
37.78221 -122.42402 1 1211084449
37.78543 -122.42426 1 1211084384
37.78581 -122.42107 1 1211084323
37.78679 -122.41609 1 1211084262
37.7867 -122.41351 1 1211084202
37.78683 -122.41176 1 1211084161
37.78665 -122.41125 0 1211084106
37.78665 -122.41144 0 1211084043
37.78638 -122.41144 0 1211083972
37.78685 -122.411 0 1211083918
37.78688 -122.411 0 1211083852
37.78686 -122.41098 0 1211083800
37.78692 -122.4109 0 1211083731
37.78739 -122.41091 0 1211083493
37.78688 -122.41102 0 1211083468
37.78688 -122.41102 0 1211083452
37.78688 -122.41102 0 1211083433
37.78706 -122.40939 1 1211083404
37.78746 -122.40818 1 1211083248
37.78801 -122.40835 1 1211083189
37.79013 -122.40892 1 1211083128
37.79108 -122.40903 1 1211083073
37.79161 -122.40686 1 1211083016
37.79195 -122.40224 1 1211082951
37.79328 -122.39979 1 1211082886
37.79352 -122.39915 0 1211082864
37.79374 -122.39728 0 1211082799
37.79458 -122.39623 0 1211082753
37.79458 -122.39623 1 1211082716
37.79388 -122.40031 1 1211082655
37.79528 -122.40342 1 1211082603
37.79606 -122.40478 1 1211082532
37.7979 -122.40656 1 1211082408
37.79979 -122.40935 1 1211082286
37.79998 -122.40949 1 1211082234
37.80041 -122.41057 1 1211082175
37.80102 -122.41123 1 1211082115
37.80113 -122.41114 1 1211082057
37.80426 -122.41163 1 1211081995
37.80753 -122.41359 1 1211081925
37.80772 -122.41374 0 1211081918
37.80691 -122.41349 1 1211081915
37.80516 -122.41348 1 1211081826
37.80317 -122.41473 1 1211081763
37.80153 -122.41443 1 1211081716
37.79843 -122.41383 1 1211081647
37.79448 -122.41304 1 1211081586
37.79262 -122.41303 1 1211081522
37.79061 -122.41242 1 1211081461
37.78951 -122.41201 1 1211081401
37.78913 -122.40965 1 1211081398
37.78941 -122.40763 0 1211081305
37.78981 -122.40517 0 1211081245
37.79022 -122.40353 0 1211081196
37.79022 -122.40353 0 1211081172
37.79022 -122.40352 1 1211081169
37.79018 -122.40351 1 1211081072
37.79066 -122.40272 1 1211081025
37.79074 -122.40323 1 1211080965
37.78709 -122.40298 1 1211080907
37.78652 -122.40243 1 1211080830
37.78596 -122.40252 1 1211080770
37.78475 -122.40434 1 1211080719
37.78584 -122.40589 1 1211080661
37.78428 -122.40765 1 1211080590
37.78383 -122.40817 1 1211080568
37.78193 -122.41056 1 1211080519
37.78038 -122.41269 1 1211080448
37.77806 -122.41551 0 1211080392
37.77649 -122.41795 0 1211080335
37.7754 -122.41985 0 1211080294
37.77472 -122.4193 0 1211080224
37.77472 -122.4193 1 1211080218
37.77369 -122.42202 1 1211080172
37.77507 -122.42348 1 1211080121
37.77455 -122.42521 1 1211080052
37.77383 -122.43232 1 1211079989
37.77289 -122.43932 1 1211079939
37.77169 -122.44889 1 1211079872
37.76605 -122.46237 1 1211079752
37.76589 -122.46631 1 1211079687
37.7657 -122.47224 1 1211079627
37.7653 -122.47845 1 1211079565
37.76482 -122.49023 1 1211079450
37.76443 -122.49921 0 1211079386
37.76435 -122.50101 0 1211079370
37.76365 -122.50823 0 1211079342
37.76368 -122.5082 1 1211079291
37.7638 -122.50832 1 1211079223
37.76472 -122.49527 1 1211079106
37.76514 -122.48593 1 1211079046
37.76554 -122.47684 1 1211078986
37.76567 -122.47345 1 1211078930
37.76607 -122.46492 1 1211078866
37.76615 -122.46309 1 1211078815
37.76856 -122.455 1 1211078744
37.7725 -122.45017 1 1211078684
37.7738 -122.44007 1 1211078626
37.77444 -122.43512 1 1211078571
37.77492 -122.43095 1 1211078501
37.77331 -122.43066 1 1211078441
37.77203 -122.43085 1 1211078381
37.77197 -122.43141 0 1211078373
37.77185 -122.43288 0 1211078317
37.77191 -122.43263 1 1211078280
37.77191 -122.43214 1 1211078251
37.77221 -122.43006 1 1211078181
37.77266 -122.42644 1 1211078118
37.77222 -122.42315 1 1211078053
37.77227 -122.42307 1 1211077993
37.77328 -122.4217 1 1211077933
37.77397 -122.42116 1 1211077872
37.77616 -122.41818 1 1211077812
37.77696 -122.41698 1 1211077761
37.77888 -122.41461 1 1211077697
37.7808 -122.41232 1 1211077632
37.78255 -122.40997 1 1211077581
37.78601 -122.40554 1 1211077516
37.78672 -122.4048 1 1211077489
37.78747 -122.40369 0 1211077453
37.7867 -122.4025 0 1211077393
37.78574 -122.39956 0 1211077339
37.78542 -122.3966 0 1211077272
37.78298 -122.39355 0 1211077221
37.7808 -122.39073 0 1211077151
37.77925 -122.39227 0 1211077108
37.77836 -122.39327 0 1211077041
37.77577 -122.39776 0 1211076976
37.77297 -122.3988 0 1211076916
37.76231 -122.39245 0 1211076872
37.75226 -122.39084 0 1211076796
37.75078 -122.39537 0 1211076722
37.75173 -122.39528 0 1211069524
37.75183 -122.39368 0 1211069464
37.75022 -122.39257 0 1211069404
37.75661 -122.39256 0 1211069349
37.76954 -122.3979 0 1211069285
37.77514 -122.40147 0 1211069242
37.77861 -122.40579 0 1211069182
37.78237 -122.4106 0 1211069101
37.78541 -122.41268 0 1211069013
37.78616 -122.41278 1 1211068991
37.78668 -122.41191 1 1211068939
37.78247 -122.41054 1 1211068820
37.78093 -122.40845 1 1211068755
37.78034 -122.40776 1 1211068695
37.77834 -122.40534 1 1211068639
37.77419 -122.40035 1 1211068511
37.76389 -122.39266 1 1211068450
37.7526 -122.39082 1 1211068393
37.7502 -122.39161 1 1211068343
37.75011 -122.3875 1 1211068268
37.7495 -122.38746 1 1211068213
37.74244 -122.38794 1 1211068154
37.73818 -122.38947 1 1211068087
37.7362 -122.39014 1 1211068032
37.73432 -122.3881 1 1211067967
37.73222 -122.38306 1 1211067916
37.73092 -122.38049 1 1211067847
37.73205 -122.38007 1 1211067789
37.73204 -122.38006 1 1211067726
37.73207 -122.38002 1 1211067668
37.73206 -122.38001 1 1211067613
37.73205 -122.38005 1 1211067485
37.73204 -122.38007 1 1211067425
37.73203 -122.38006 1 1211067365
37.73203 -122.38005 1 1211067305
37.73204 -122.38012 1 1211067250
37.73184 -122.37979 1 1211067184
37.73517 -122.3795 1 1211067124
37.73922 -122.3819 1 1211067064
37.74288 -122.38841 1 1211067005
37.74503 -122.39223 1 1211066943
37.74936 -122.39721 1 1211066893
37.74979 -122.39622 1 1211066825
37.75289 -122.39278 1 1211066763
37.77494 -122.40091 1 1211066647
37.77675 -122.39911 1 1211066583
37.7792 -122.40207 1 1211066538
37.78283 -122.40662 1 1211066402
37.7838 -122.40772 1 1211066342
37.78523 -122.40882 1 1211066291
37.78674 -122.40988 1 1211066222
37.78781 -122.41134 1 1211066161
37.78771 -122.41228 0 1211066146
37.78769 -122.41323 0 1211065970
37.78776 -122.41297 0 1211065787
37.78768 -122.41317 0 1211065727
37.78823 -122.41294 0 1211065668
37.78778 -122.4131 0 1211065607
37.78692 -122.41813 0 1211065549
37.78567 -122.41924 0 1211065465
37.78498 -122.41974 0 1211065447
37.78498 -122.41974 0 1211065433
37.78679 -122.42166 0 1211065384
37.78765 -122.42152 0 1211065312
37.78769 -122.42005 0 1211065257
37.78614 -122.41802 0 1211065207
37.78673 -122.41654 0 1211065140
37.78703 -122.41865 0 1211065071
37.78629 -122.4157 0 1211064972
37.78616 -122.41207 0 1211064852
37.78644 -122.41338 0 1211064729
37.78535 -122.41451 0 1211064632
37.78533 -122.41451 1 1211064618
37.78133 -122.41878 1 1211064484
37.77989 -122.42006 1 1211064424
37.77828 -122.41974 1 1211064364
37.77613 -122.41938 1 1211064314
37.77466 -122.41902 1 1211064243
37.77338 -122.41865 1 1211064188
37.77275 -122.41879 1 1211064127
37.76987 -122.41991 1 1211064062
37.76661 -122.41974 1 1211064001
37.76184 -122.41979 1 1211063881
37.76132 -122.42149 1 1211063832
37.76043 -122.41928 1 1211063790
37.76059 -122.41932 0 1211063734
37.7606 -122.4193 0 1211063659
37.7606 -122.41932 0 1211063609
37.765 -122.41977 0 1211063472
37.76495 -122.42196 0 1211063416
37.76681 -122.42203 0 1211063359
37.77008 -122.42246 0 1211063307
37.77007 -122.42247 0 1211063292
37.77008 -122.42247 0 1211063288
37.7726 -122.42266 0 1211063216
37.77451 -122.42013 0 1211063150
37.77856 -122.41506 0 1211063095
37.77909 -122.41501 0 1211063029
37.78195 -122.41558 0 1211062975
37.78776 -122.41693 0 1211062863
37.79037 -122.41727 0 1211062793
37.79259 -122.41784 0 1211062742
37.79932 -122.41897 0 1211062607
37.79987 -122.41406 0 1211062546
37.80065 -122.41065 0 1211062485
37.8038 -122.41507 0 1211062361
37.80381 -122.41505 0 1211062342
37.80538 -122.41763 0 1211062303
37.80622 -122.41535 0 1211062200
37.80618 -122.41534 1 1211062193
37.8059 -122.41517 1 1211062165
37.80546 -122.41545 1 1211062105
37.80482 -122.41998 1 1211062045
37.8044 -122.42272 1 1211061984
37.80409 -122.42499 1 1211061935
37.80249 -122.42628 1 1211061868
37.80086 -122.42604 1 1211061804
37.79877 -122.42569 1 1211061757
37.79298 -122.42453 1 1211061684
37.78892 -122.42367 1 1211061636
37.78681 -122.42324 1 1211061563
37.7844 -122.42249 1 1211061503
37.78239 -122.42229 1 1211061448
37.7814 -122.42214 1 1211061392
37.77998 -122.42189 1 1211061323
37.77815 -122.42152 1 1211061263
37.77501 -122.42284 1 1211061205
37.77478 -122.4244 1 1211061148
37.77394 -122.43176 1 1211061083
37.77208 -122.44597 1 1211060967
37.77143 -122.44724 1 1211060917
37.77007 -122.44695 1 1211060841
37.77013 -122.4464 1 1211060796
37.77026 -122.44564 1 1211060747
37.77053 -122.44548 0 1211060651
37.77327 -122.44595 0 1211060598
37.78017 -122.44739 0 1211060475
37.78225 -122.44831 0 1211060415
37.78146 -122.45465 0 1211060351
37.7811 -122.46108 0 1211060289
37.781 -122.46972 0 1211060126
37.78294 -122.46897 0 1211060070
37.78281 -122.46903 0 1211060005
37.78282 -122.46899 0 1211059945
37.78282 -122.46899 0 1211059885
37.78272 -122.47079 0 1211059825
37.78272 -122.47041 1 1211059798
37.78292 -122.46637 1 1211059738
37.78298 -122.46484 1 1211059684
37.78317 -122.46072 1 1211059593
37.78204 -122.45172 1 1211059397
37.78384 -122.43449 1 1211059281
37.78343 -122.43268 1 1211059100
37.78219 -122.43235 1 1211059036
37.78254 -122.43243 1 1211058985
37.78167 -122.43224 1 1211058924
37.78057 -122.43207 1 1211058855
37.77825 -122.43165 1 1211058809
37.77555 -122.43107 1 1211058746
37.77364 -122.4307 1 1211058678
37.77032 -122.42986 1 1211058613
37.7692 -122.4291 1 1211058558
37.76877 -122.42853 1 1211058498
37.76879 -122.42794 0 1211058474
37.76879 -122.42794 0 1211058459
37.76878 -122.42793 1 1211058455
37.77043 -122.42537 1 1211058395
37.77271 -122.4226 1 1211058335
37.775 -122.41954 1 1211058214
37.77691 -122.41713 1 1211058153
37.77924 -122.41437 1 1211058071
37.77961 -122.41121 1 1211057950
37.77961 -122.41121 0 1211057936
37.77855 -122.41015 0 1211057875
37.77794 -122.41069 1 1211057865
37.77706 -122.41198 1 1211057819
37.77922 -122.41513 1 1211057754
37.78257 -122.41576 1 1211057694
37.78414 -122.41599 1 1211057629
37.7883 -122.41693 1 1211057574
37.78872 -122.42006 1 1211057508
37.78818 -122.42427 1 1211057462
37.78875 -122.42872 1 1211057399
37.79061 -122.42906 1 1211057360
37.79464 -122.43007 1 1211057299
37.79773 -122.4307 1 1211057239
37.79788 -122.42998 1 1211057192
37.79798 -122.42868 1 1211057059
37.79743 -122.42547 1 1211056998
37.79808 -122.42397 1 1211056943
37.79827 -122.42637 1 1211056877
37.79769 -122.43071 1 1211056828
37.79764 -122.43118 0 1211056757
37.79728 -122.4335 0 1211056702
37.79777 -122.43565 0 1211056656
37.79831 -122.43577 0 1211056577
37.79963 -122.43715 0 1211056518
37.80023 -122.44102 0 1211056396
37.80038 -122.43999 0 1211056339
37.80053 -122.43884 0 1211056283
37.80062 -122.43763 0 1211056218
37.80073 -122.43683 0 1211056162
37.80174 -122.43143 0 1211056037
37.80425 -122.432 0 1211055982
37.80362 -122.43013 0 1211055857
37.8036 -122.43012 1 1211055850
37.8037 -122.42896 1 1211055827
37.80397 -122.42663 1 1211055766
37.80385 -122.42509 1 1211055723
37.79926 -122.42407 1 1211055594
37.79175 -122.4225 1 1211055480
37.78833 -122.42178 1 1211055411
37.78387 -122.4209 1 1211055345
37.78212 -122.42059 1 1211055285
37.77989 -122.42009 1 1211055235
37.77874 -122.41981 1 1211055168
37.77613 -122.41916 1 1211055109
37.77433 -122.41898 1 1211055044
37.77261 -122.41844 1 1211054923
37.77193 -122.41821 1 1211054863
37.76639 -122.41758 1 1211054803
37.7653 -122.41639 1 1211054760
37.76464 -122.41038 1 1211054624
37.76067 -122.40997 1 1211054567
37.75695 -122.40935 1 1211054516
37.75692 -122.40948 1 1211054446
37.76031 -122.41005 1 1211054395
37.76273 -122.41291 1 1211054320
37.76879 -122.4135 1 1211054265
37.77044 -122.41267 1 1211054200
37.77291 -122.40956 1 1211054140
37.77539 -122.40644 1 1211054080
37.77914 -122.40165 1 1211054020
37.77913 -122.40166 0 1211054018
37.77947 -122.40128 1 1211054015
37.78095 -122.39511 1 1211053916
37.77985 -122.3943 0 1211053896
37.77983 -122.39431 1 1211053877
37.7794 -122.3949 1 1211053845
37.77772 -122.40032 1 1211053792
37.77418 -122.40487 1 1211053729
37.77128 -122.40853 1 1211053678
37.77126 -122.41095 1 1211053609
37.77644 -122.41717 1 1211053555
37.77817 -122.42006 1 1211053429
37.77817 -122.42006 0 1211053422
37.77817 -122.42006 1 1211053420
37.77804 -122.42125 1 1211053409
37.77784 -122.42317 1 1211053345
37.77949 -122.42357 1 1211053275
37.78439 -122.42452 1 1211053215
37.78729 -122.42395 1 1211053184
37.78729 -122.42395 1 1211053155
37.78729 -122.42395 0 1211053149
37.78762 -122.42164 1 1211053112
37.78781 -122.41998 1 1211053061
37.78855 -122.41367 0 1211052902
37.78755 -122.41296 0 1211052854
37.7878 -122.41303 0 1211051102
37.78717 -122.41442 0 1211050274
37.78464 -122.41408 0 1211050094
37.78414 -122.41094 0 1211050034
37.78401 -122.40664 0 1211049914
37.78401 -122.40664 1 1211049912
37.78415 -122.40637 1 1211049896
37.78538 -122.40661 1 1211049796
37.7866 -122.40657 1 1211049742
37.78958 -122.40529 1 1211049615
37.79083 -122.40063 1 1211049535
37.79151 -122.40074 1 1211049465
37.79709 -122.40079 1 1211049405
37.80068 -122.40142 1 1211049350
37.80456 -122.40278 1 1211049289
37.80731 -122.40698 1 1211049227
37.80709 -122.4065 1 1211049173
37.80702 -122.40634 0 1211049163
37.80685 -122.40585 1 1211049150
37.80683 -122.40575 1 1211049123
37.80683 -122.40574 1 1211049067
37.80521 -122.40324 1 1211049007
37.80436 -122.40208 1 1211048956
37.80315 -122.40094 1 1211048881
37.79781 -122.39612 1 1211048825
37.79782 -122.39614 0 1211048788
37.79757 -122.39602 0 1211048732
37.79755 -122.39595 1 1211048713
37.79866 -122.39732 1 1211048653
37.80287 -122.40111 1 1211048600
37.80439 -122.40258 1 1211048537
37.80614 -122.40447 1 1211048476
37.80526 -122.40365 0 1211048435
37.80541 -122.40387 0 1211048375
37.80763 -122.40789 0 1211048314
37.80777 -122.4106 0 1211048254
37.80773 -122.41061 1 1211048252
37.80763 -122.41056 1 1211048229
37.80622 -122.40911 1 1211048096
37.8068 -122.40561 1 1211048030
37.80565 -122.40359 1 1211047974
37.80489 -122.40348 1 1211047916
37.79946 -122.40239 1 1211047857
37.7976 -122.40585 1 1211047797
37.79731 -122.40898 1 1211047737
37.79588 -122.42096 1 1211047691
37.79588 -122.42096 1 1211047677
37.79518 -122.42522 1 1211047617
37.79448 -122.43215 1 1211047557
37.79306 -122.43633 1 1211047502
37.78981 -122.43415 1 1211047454
37.78976 -122.43409 0 1211047392
37.78972 -122.43414 1 1211047386
37.7896 -122.43413 1 1211047380
37.78738 -122.43346 1 1211047251
37.78454 -122.43276 1 1211047195
37.78506 -122.42803 1 1211047126
37.78582 -122.42177 1 1211047078
37.78704 -122.4173 1 1211047021
37.7856 -122.41512 1 1211046944
37.78581 -122.41549 0 1211046777
37.78207 -122.41039 0 1211046652
37.78209 -122.40714 0 1211046545
37.78368 -122.40547 0 1211046524
37.78818 -122.39971 0 1211046417
37.79087 -122.39325 0 1211046296
37.793 -122.39383 0 1211046246
37.79399 -122.39297 0 1211046181
37.79543 -122.39429 0 1211046121
37.79499 -122.39351 0 1211046061
37.79499 -122.39351 1 1211046059
37.7948 -122.39331 1 1211046035
37.79442 -122.39344 1 1211045979
37.79625 -122.39524 1 1211045914
37.80091 -122.3993 1 1211045854
37.80391 -122.40195 1 1211045794
37.80632 -122.40769 1 1211045737
37.80549 -122.41415 1 1211045683
37.80516 -122.41712 1 1211045644
37.80458 -122.42121 1 1211045588
37.80386 -122.42693 1 1211045523
37.80156 -122.42982 1 1211045463
37.80082 -122.43579 1 1211045403
37.80065 -122.43712 0 1211045378
37.79975 -122.43743 0 1211045294
37.79974 -122.43741 0 1211045272
37.79978 -122.43741 0 1211045205
37.8 -122.4345 0 1211045151
37.79968 -122.43654 0 1211045033
37.79931 -122.43952 0 1211045000
37.80004 -122.44274 0 1211044940
37.80035 -122.44012 0 1211044885
37.80051 -122.43894 0 1211044840
37.80081 -122.43558 0 1211044723
37.80082 -122.43559 1 1211044701
37.80067 -122.4362 1 1211044645
37.80083 -122.4286 1 1211044590
37.79449 -122.42491 1 1211044459
37.78911 -122.42367 1 1211044404
37.78615 -122.42305 1 1211044339
37.78585 -122.42166 1 1211044278
37.78698 -122.41062 1 1211044160
37.78754 -122.408 1 1211044104
37.78898 -122.40269 1 1211044043
37.7891 -122.40295 1 1211043938
37.78943 -122.4023 1 1211043876
37.78995 -122.4035 0 1211043851
37.792 -122.39691 0 1211043789
37.79348 -122.39719 0 1211043734
37.7934 -122.39744 1 1211043722
37.79288 -122.40116 1 1211043695
37.79091 -122.40279 1 1211043626
37.79043 -122.40732 1 1211043565
37.7901 -122.40979 1 1211043504
37.78915 -122.41624 1 1211043453
37.78859 -122.42079 1 1211043389
37.77946 -122.4218 1 1211043269
37.77504 -122.42277 1 1211043217
37.77398 -122.43067 1 1211043083
37.77208 -122.4355 1 1211043028
37.77101 -122.43894 1 1211042979
37.77016 -122.44523 1 1211042908
37.77148 -122.4457 0 1211042867
37.77313 -122.44602 0 1211042808
37.77636 -122.44666 0 1211042743
37.77932 -122.44726 0 1211042719
37.78147 -122.44768 0 1211042687
37.78147 -122.45436 0 1211042627
37.78121 -122.4611 0 1211042580
37.78136 -122.46018 0 1211042505
37.78136 -122.46018 1 1211042503
37.78139 -122.45796 1 1211042460
37.78177 -122.45358 1 1211042393
37.78286 -122.44409 1 1211042333
37.78396 -122.43703 1 1211042273
37.78448 -122.43287 1 1211042213
37.78552 -122.42402 1 1211042152
37.78605 -122.4188 1 1211042097
37.78272 -122.41747 1 1211042046
37.78272 -122.41747 1 1211042031
37.78317 -122.41582 0 1211041982
37.78613 -122.41639 0 1211041928
37.7857 -122.41459 0 1211041883
37.78295 -122.41287 0 1211041817
37.78301 -122.41214 0 1211041781
37.78193 -122.40985 0 1211041721
37.77966 -122.40701 0 1211041660
37.77762 -122.40447 0 1211041600
37.77525 -122.40148 0 1211041539
37.77117 -122.39743 0 1211041479
37.75814 -122.3922 0 1211041431
37.74484 -122.39494 0 1211041380
37.73375 -122.40499 0 1211041330
37.72032 -122.39977 0 1211041279
37.71422 -122.39729 0 1211041266
37.7009 -122.39321 0 1211041211
37.68718 -122.39012 0 1211041165
37.67386 -122.38971 0 1211041116
37.66317 -122.3999 0 1211041080
37.6507 -122.40668 0 1211041020
37.63741 -122.40446 0 1211040968
37.62365 -122.40243 0 1211040924
37.6136 -122.3959 0 1211040876
37.61749 -122.38717 0 1211040826
37.61777 -122.3863 0 1211040766
37.61801 -122.38642 0 1211040708
37.61803 -122.38644 1 1211040685
37.618 -122.38615 1 1211040664
37.61493 -122.38601 1 1211040603
37.62015 -122.40017 1 1211040495
37.63314 -122.40351 1 1211040440
37.64629 -122.40659 1 1211040383
37.65966 -122.40473 1 1211040338
37.67002 -122.39267 1 1211040291
37.68335 -122.3895 1 1211040241
37.69699 -122.39255 1 1211040195
37.71052 -122.39551 1 1211040157
37.72343 -122.40117 1 1211040107
37.73598 -122.40736 1 1211040082
37.74905 -122.40391 1 1211040014
37.76254 -122.40564 1 1211039954
37.76949 -122.41366 1 1211039898
37.7725 -122.42376 1 1211039837
37.77561 -122.42439 1 1211039771
37.77795 -122.42326 1 1211039711
37.78491 -122.42459 1 1211039651
37.79091 -122.42584 1 1211039590
37.79265 -122.42617 0 1211039532
37.79703 -122.42712 0 1211039472
37.79773 -122.43068 0 1211039412
37.79732 -122.43368 0 1211039400
37.79734 -122.43368 1 1211039368
37.798 -122.42885 1 1211039281
37.79804 -122.42566 1 1211039221
37.79127 -122.42418 1 1211039160
37.78744 -122.42299 1 1211039099
37.78858 -122.41439 1 1211039035
37.78766 -122.41313 1 1211038990
37.78766 -122.41313 1 1211038975
37.78776 -122.41324 0 1211038917
37.78776 -122.41324 0 1211038916
37.7878 -122.41318 0 1211038856
37.78776 -122.41316 0 1211038800
37.78774 -122.41317 0 1211038769
37.78778 -122.41317 0 1211038724
37.78778 -122.41315 0 1211038651
37.78775 -122.4133 0 1211038589
37.78779 -122.41335 0 1211038528
37.78778 -122.41329 0 1211038468
37.78773 -122.41332 0 1211038408
37.78779 -122.41332 0 1211038348
37.7877 -122.41325 0 1211038288
37.78815 -122.41321 0 1211038233
37.78884 -122.41091 0 1211038195
37.78965 -122.40695 0 1211038135
37.78864 -122.40524 0 1211038078
37.78854 -122.40534 1 1211038062
37.78837 -122.40692 1 1211037998
37.78796 -122.41042 1 1211037943
37.78715 -122.41673 1 1211037883
37.7865 -122.42176 1 1211037820
37.7871 -122.42496 1 1211037761
37.79308 -122.42599 1 1211037695
37.79562 -122.42675 1 1211037636
37.798 -122.4291 1 1211037575
37.79821 -122.42705 0 1211037541
37.79769 -122.42351 0 1211037470
37.79506 -122.42151 0 1211037411
37.79249 -122.42105 0 1211037377
37.79077 -122.42066 0 1211037311
37.7876 -122.42002 0 1211037251
37.78607 -122.41975 0 1211037186
37.78399 -122.41768 0 1211037128
37.78313 -122.41932 0 1211037065
37.78019 -122.42018 0 1211037005
37.77592 -122.41964 0 1211036945
37.77682 -122.4234 0 1211036884
37.7755 -122.42604 0 1211036824
37.77301 -122.42559 0 1211036764
37.77207 -122.43012 0 1211036704
37.77164 -122.43409 0 1211036644
37.77096 -122.43928 0 1211036584
37.77021 -122.44545 0 1211036539
37.76995 -122.44741 0 1211036489
37.76954 -122.45114 0 1211036428
37.77013 -122.44614 0 1211036368
37.77405 -122.44621 0 1211036308
37.77879 -122.44712 0 1211036248
37.78195 -122.45016 0 1211036196
37.78126 -122.45646 0 1211036133
37.78129 -122.46115 0 1211036073
37.78308 -122.46122 0 1211036008
37.78318 -122.46108 1 1211036006
37.78317 -122.46061 1 1211035975
37.78172 -122.4541 1 1211035915
37.78263 -122.44541 1 1211035860
37.78431 -122.43412 1 1211035790
37.78475 -122.43066 1 1211035729
37.78553 -122.42283 1 1211035674
37.78633 -122.4152 1 1211035653
37.78633 -122.4152 1 1211035633
37.78633 -122.4152 1 1211035614
37.78458 -122.41439 0 1211035549
37.78278 -122.41402 0 1211035536
37.78239 -122.41065 0 1211035456
37.78165 -122.40804 0 1211035396
37.78379 -122.40817 0 1211035336
37.78197 -122.41046 0 1211035280
37.78031 -122.41257 0 1211035216
37.77878 -122.41563 0 1211035155
37.77534 -122.41894 0 1211035095
37.77182 -122.42338 0 1211035035
37.7692 -122.42668 0 1211034976
37.76538 -122.43147 0 1211034921
37.76216 -122.43527 0 1211034856
37.76105 -122.43267 0 1211034795
37.76144 -122.42613 0 1211034735
37.76165 -122.42284 0 1211034684
37.76507 -122.42197 0 1211034617
37.76666 -122.42068 0 1211034557
37.76469 -122.41961 0 1211034496
37.76214 -122.41943 0 1211034440
37.76022 -122.41916 0 1211034375
37.75577 -122.41868 0 1211034315
37.75063 -122.4182 0 1211034254
37.74893 -122.41808 0 1211034194
37.74832 -122.41343 0 1211034148
37.74839 -122.41004 0 1211034083
37.74964 -122.39864 0 1211034014
37.7499 -122.3954 0 1211033985
37.7511 -122.3954 0 1211033925
37.75109 -122.39542 0 1211033865
37.75201 -122.39472 0 1211033815
37.7516 -122.3936 0 1211033759
37.7516 -122.39361 0 1211033706
37.75159 -122.3936 0 1211033638
37.7516 -122.39359 0 1211033578
37.75156 -122.3936 0 1211033517
37.75159 -122.3936 0 1211033462
37.75159 -122.3936 0 1211033397
37.75158 -122.39359 0 1211033337
37.75229 -122.39346 0 1211033280
37.75148 -122.39427 0 1211024309
37.75151 -122.39428 0 1211024246
37.75152 -122.3943 0 1211024187
37.75153 -122.39432 0 1211024125
37.75154 -122.39432 0 1211024066
37.75152 -122.3943 0 1211024007
37.75151 -122.3943 0 1211023945
37.75148 -122.3943 0 1211023896
37.75135 -122.39534 0 1211023836
37.75137 -122.39532 0 1211023776
37.75002 -122.39309 0 1211023720
37.75812 -122.39255 0 1211023656
37.77089 -122.39823 0 1211023605
37.77524 -122.40161 0 1211023547
37.78096 -122.39958 0 1211023489
37.78344 -122.3976 0 1211023423
37.78876 -122.39403 0 1211023369
37.78786 -122.39343 0 1211023110
37.78723 -122.39455 0 1211023049
37.78369 -122.39899 0 1211022988
37.78058 -122.40294 0 1211022928
37.77567 -122.40928 0 1211022867
37.77444 -122.41356 0 1211022806
37.77493 -122.41287 0 1211022745
37.77495 -122.41294 0 1211022668
37.77523 -122.41302 0 1211022607
37.77527 -122.41305 0 1211022552
37.77526 -122.41307 0 1211022486
37.77531 -122.41311 0 1211022426
37.77531 -122.413 0 1211022369
37.77537 -122.41304 0 1211022308
37.77538 -122.41298 0 1211022247
37.77533 -122.41297 0 1211022187
37.77531 -122.41307 0 1211022126
37.77542 -122.41298 0 1211022071
37.77383 -122.41172 0 1211022010
37.77313 -122.41315 0 1211021945
37.77825 -122.41815 0 1211021891
37.78339 -122.41927 0 1211021827
37.78854 -122.42028 0 1211021764
37.78972 -122.42061 0 1211021705
37.79243 -122.42115 0 1211021644
37.79562 -122.42176 0 1211021584
37.79662 -122.42408 0 1211021524
37.79656 -122.42431 1 1211021490
37.79655 -122.42433 1 1211021432
37.79545 -122.42497 1 1211021369
37.79176 -122.42426 1 1211021322
37.79176 -122.42426 1 1211021308
37.78567 -122.42307 1 1211021252
37.77978 -122.42187 1 1211021187
37.77798 -122.4217 1 1211021131
37.77793 -122.42326 1 1211021065
37.77792 -122.42326 0 1211021057
37.78184 -122.42403 0 1211021002
37.7851 -122.42467 0 1211020937
37.78425 -122.43254 0 1211020878
37.78325 -122.43979 0 1211020817
37.78208 -122.44984 0 1211020756
37.78123 -122.45755 0 1211020700
37.78112 -122.46015 0 1211020640
37.78084 -122.46655 0 1211020580
37.78064 -122.47151 0 1211020514
37.78029 -122.47942 0 1211020468
37.78 -122.48491 0 1211020393
37.78114 -122.4881 0 1211020333
37.78375 -122.48843 0 1211020273
37.78375 -122.48839 1 1211020271
37.78376 -122.48838 1 1211020236
37.78374 -122.48837 1 1211020156
37.78378 -122.48819 1 1211020125
37.78447 -122.47326 1 1211019994
37.78532 -122.46229 1 1211019876
37.78593 -122.4575 1 1211019812
37.78645 -122.45336 1 1211019750
37.78727 -122.4467 1 1211019693
37.78772 -122.44349 1 1211019629
37.78669 -122.44013 1 1211019568
37.78308 -122.43938 1 1211019509
37.78032 -122.43884 1 1211019448
37.77469 -122.43771 1 1211019387
37.77113 -122.43702 1 1211019327
37.76799 -122.43559 1 1211019267
37.76278 -122.43514 1 1211019206
37.76232 -122.43509 1 1211019183
37.75918 -122.43481 1 1211019122
37.75412 -122.43432 1 1211019062
37.75148 -122.43134 1 1211019008
37.75192 -122.42497 1 1211018946
37.75203 -122.42273 1 1211018882
37.75157 -122.41831 1 1211018822
37.75168 -122.41835 0 1211018789
37.74825 -122.418 0 1211018728
37.74841 -122.40978 0 1211018683
37.7497 -122.39803 0 1211018609
37.75045 -122.39529 0 1211018548
37.7504 -122.39533 1 1211018529
37.74943 -122.40148 1 1211018475
37.7554 -122.40326 1 1211018420
