37.75183 -122.39499 0 1211955623
37.75183 -122.39496 0 1211955569
37.75183 -122.39495 0 1211955503
37.75183 -122.39494 0 1211955448
37.75181 -122.39494 0 1211955329
37.7518 -122.39494 0 1211955270
37.7518 -122.39495 0 1211955205
37.75176 -122.395 0 1211955077
37.7518 -122.39497 0 1211955017
37.75184 -122.39495 0 1211954916
37.75187 -122.39493 0 1211954764
37.75183 -122.39495 0 1211954644
37.75183 -122.39499 0 1211954394
37.75185 -122.39497 0 1211954348
37.75185 -122.39497 0 1211954334
37.75183 -122.39498 0 1211954228
37.75183 -122.39498 0 1211954161
37.75184 -122.39495 0 1211954104
37.75184 -122.39495 0 1211954011
37.75184 -122.39495 0 1211953947
37.75184 -122.39496 0 1211953893
37.75183 -122.39496 0 1211953812
37.75182 -122.39496 0 1211953795
37.75181 -122.39495 0 1211953505
37.75175 -122.39494 0 1211953343
37.75178 -122.39494 0 1211953275
37.75179 -122.39494 0 1211953210
37.75178 -122.39494 0 1211953154
37.7518 -122.39496 0 1211952914
37.7518 -122.39496 0 1211952853
37.75178 -122.39494 0 1211952742
37.75176 -122.39494 0 1211952687
37.75176 -122.39494 0 1211952671
37.7518 -122.39495 0 1211952425
37.7518 -122.39496 0 1211952343
37.7518 -122.39496 0 1211952261
37.75182 -122.39497 0 1211952170
37.75183 -122.39497 0 1211952120
37.75187 -122.39496 0 1211952061
37.75185 -122.39496 0 1211952006
37.75183 -122.39496 0 1211951822
37.75184 -122.39495 0 1211951694
37.75184 -122.39495 0 1211951672
37.75183 -122.39496 0 1211951077
37.75185 -122.39495 0 1211950951
37.75185 -122.39494 0 1211950893
37.75185 -122.39495 0 1211950776
37.75185 -122.39495 0 1211950730
37.75186 -122.39495 0 1211950651
37.75186 -122.39495 0 1211950608
37.75186 -122.39495 0 1211950480
37.75187 -122.39494 0 1211950411
37.75187 -122.39493 0 1211950354
37.75185 -122.39494 0 1211950306
37.75191 -122.39491 0 1211950244
37.75184 -122.39493 0 1211950172
37.75186 -122.39493 0 1211950116
37.75187 -122.39494 0 1211950046
37.75188 -122.39494 0 1211949986
37.75186 -122.39496 0 1211949945
37.75186 -122.39495 0 1211949872
37.75189 -122.39495 0 1211949746
37.75186 -122.39494 0 1211949692
37.75186 -122.39492 0 1211949635
37.75185 -122.39495 0 1211949569
37.75185 -122.39495 0 1211949517
37.75183 -122.39495 0 1211949285
37.75182 -122.39495 0 1211949219
37.75183 -122.39495 0 1211949154
37.75181 -122.39496 0 1211949094
37.75185 -122.39495 0 1211949039
37.75185 -122.39495 0 1211948919
37.75183 -122.39495 0 1211948798
37.75183 -122.39495 0 1211948683
37.75184 -122.39496 0 1211948568
37.75184 -122.39496 0 1211948517
37.75183 -122.39496 0 1211948436
37.75185 -122.39497 0 1211948210
37.75185 -122.39497 0 1211948140
37.75182 -122.39497 0 1211948091
37.75182 -122.39497 0 1211948023
37.75183 -122.39498 0 1211947904
37.75184 -122.39498 0 1211947834
37.75183 -122.39497 0 1211947774
37.75183 -122.39498 0 1211947718
37.75182 -122.39498 0 1211947593
37.75182 -122.39498 0 1211947533
37.75182 -122.39498 0 1211947491
37.75181 -122.39498 0 1211947428
37.75182 -122.395 0 1211947368
37.75182 -122.39499 0 1211947296
37.75182 -122.39499 0 1211947202
37.75182 -122.395 0 1211947140
37.75183 -122.39501 0 1211947027
37.75183 -122.395 0 1211946960
37.75184 -122.39498 0 1211946784
37.75183 -122.39498 0 1211946715
37.75182 -122.39498 0 1211946671
37.75186 -122.39499 0 1211946595
37.75183 -122.39496 0 1211946541
37.75183 -122.39496 0 1211946487
37.75185 -122.39498 0 1211946422
37.75184 -122.39497 0 1211946356
37.75183 -122.39494 0 1211946296
37.75184 -122.39495 0 1211946235
37.7518 -122.39492 0 1211946176
37.75182 -122.39497 0 1211946073
37.75185 -122.39495 0 1211945873
37.75183 -122.39496 0 1211945813
37.75184 -122.39496 0 1211945765
37.75184 -122.39496 0 1211945702
37.75183 -122.39496 0 1211945634
37.75183 -122.39497 0 1211945612
37.75182 -122.39497 0 1211945547
37.75185 -122.39497 0 1211945427
37.75185 -122.39497 0 1211945376
37.75186 -122.39496 0 1211945184
37.75186 -122.39496 0 1211945124
37.75185 -122.39495 0 1211945077
37.75185 -122.39495 0 1211945002
37.75184 -122.39495 0 1211944898
37.75183 -122.39496 0 1211944841
37.75183 -122.39497 0 1211944776
37.75184 -122.39496 0 1211944725
37.75184 -122.39496 0 1211944661
37.75184 -122.39496 0 1211944596
37.75186 -122.39497 0 1211944535
37.75187 -122.39497 0 1211944477
37.75187 -122.39497 0 1211944429
37.75187 -122.39497 0 1211944365
37.75186 -122.39498 0 1211944314
37.75185 -122.39498 0 1211944239
37.75187 -122.39499 0 1211944120
37.75185 -122.39497 0 1211944000
37.7518 -122.39494 0 1211943933
37.75181 -122.39494 0 1211943879
37.75181 -122.39493 0 1211943642
37.75187 -122.39495 0 1211943512
37.75183 -122.39493 0 1211943468
37.75181 -122.39492 0 1211943403
37.75181 -122.39492 0 1211943338
37.75182 -122.39492 0 1211943287
37.75182 -122.39491 0 1211943155
37.75181 -122.39492 0 1211943049
37.75181 -122.39492 0 1211942970
37.75184 -122.39494 0 1211942794
37.75183 -122.39493 0 1211942605
37.75184 -122.39492 0 1211942556
37.75184 -122.39493 0 1211942485
37.75184 -122.39493 0 1211942422
37.75184 -122.39494 0 1211942242
37.75184 -122.39494 0 1211942196
37.75183 -122.39492 0 1211942126
37.75182 -122.39494 0 1211942064
37.75181 -122.39493 0 1211942001
37.75182 -122.39493 0 1211941946
37.75182 -122.39493 0 1211941880
37.75183 -122.39492 0 1211941772
37.75183 -122.39492 0 1211941736
37.75184 -122.39494 0 1211941676
37.75184 -122.39495 0 1211941584
37.75184 -122.39495 0 1211941532
37.75184 -122.39496 0 1211941402
37.75183 -122.39493 0 1211941211
37.75184 -122.39494 0 1211941102
37.75185 -122.39493 0 1211940962
37.75184 -122.39493 0 1211940902
37.75184 -122.39494 0 1211940843
37.75184 -122.39495 0 1211940788
37.75184 -122.39495 0 1211940735
37.75183 -122.39494 0 1211940602
37.75183 -122.39494 0 1211940551
37.75183 -122.39494 0 1211940372
37.75182 -122.39493 0 1211940181
37.75183 -122.39493 0 1211940060
37.75183 -122.39493 0 1211940005
37.75183 -122.39494 0 1211939943
37.75183 -122.3949 0 1211939849
37.75184 -122.39495 0 1211939734
37.75184 -122.39494 0 1211939672
37.75183 -122.39494 0 1211939554
37.75183 -122.39494 0 1211939256
37.75184 -122.39493 0 1211939065
37.75183 -122.39493 0 1211939004
37.75184 -122.39492 0 1211938944
37.75183 -122.39492 0 1211938895
37.75183 -122.39492 0 1211938848
37.75183 -122.39492 0 1211938773
37.75183 -122.39492 0 1211938714
37.75182 -122.39492 0 1211938649
37.75183 -122.39491 0 1211938596
37.75183 -122.39491 0 1211938557
37.75182 -122.39492 0 1211938502
37.75183 -122.39494 0 1211938268
37.75184 -122.39494 0 1211938205
37.75184 -122.39494 0 1211938073
37.75184 -122.39494 0 1211937894
37.75184 -122.39493 0 1211937791
37.75184 -122.39493 0 1211937720
37.75184 -122.39492 0 1211937668
37.75185 -122.39492 0 1211937604
37.75185 -122.39492 0 1211937532
37.75185 -122.39492 0 1211937472
37.75184 -122.39493 0 1211937297
37.75184 -122.39492 0 1211937172
37.75184 -122.39492 0 1211937125
37.75184 -122.39493 0 1211937057
37.75184 -122.39494 0 1211936996
37.75183 -122.39493 0 1211936943
37.75181 -122.39494 0 1211936871
37.75186 -122.39491 0 1211936751
37.75185 -122.39489 0 1211936701
37.75185 -122.3949 0 1211936586
37.75185 -122.3949 0 1211936510
37.75185 -122.3949 0 1211936397
37.75185 -122.39491 0 1211936329
37.75184 -122.39492 0 1211936273
37.75185 -122.39492 0 1211936218
37.75185 -122.39493 0 1211936149
37.75185 -122.39493 0 1211936101
37.75186 -122.39494 0 1211936037
37.75186 -122.39493 0 1211935971
37.75185 -122.39493 0 1211935846
37.75185 -122.39493 0 1211935726
37.75184 -122.39493 0 1211935666
37.75184 -122.39493 0 1211935606
37.75184 -122.39492 0 1211935546
37.75184 -122.39492 0 1211935458
37.75186 -122.3949 0 1211935324
37.75186 -122.3949 0 1211935264
37.75185 -122.39492 0 1211935145
37.75184 -122.39492 0 1211935126
37.75183 -122.39492 0 1211935067
37.75183 -122.39492 0 1211935010
37.75183 -122.39493 0 1211934951
37.75183 -122.39493 0 1211934880
37.75184 -122.39492 0 1211934824
37.75185 -122.39491 0 1211934764
37.75184 -122.39491 0 1211934640
37.75184 -122.39493 0 1211934594
37.75183 -122.39493 0 1211934519
37.75182 -122.39493 0 1211934459
37.75181 -122.39493 0 1211934399
37.75182 -122.39492 0 1211934339
37.75182 -122.39492 0 1211934285
37.75182 -122.39492 0 1211934219
37.75182 -122.39492 0 1211934174
37.75182 -122.39493 0 1211934104
37.75182 -122.39493 0 1211934055
37.7518 -122.39493 0 1211933991
37.7518 -122.39493 0 1211933923
37.75182 -122.39493 0 1211933868
37.75177 -122.39494 0 1211933803
37.7518 -122.39493 0 1211933748
37.75181 -122.39492 0 1211933685
37.7518 -122.39492 0 1211933617
37.7518 -122.39493 0 1211933557
37.75179 -122.39493 0 1211933496
37.7518 -122.39493 0 1211933436
37.75181 -122.39493 0 1211933376
37.75179 -122.39493 0 1211933315
37.75177 -122.39494 0 1211933255
37.75175 -122.39495 0 1211933195
37.75168 -122.39496 0 1211933135
37.75179 -122.39493 0 1211933080
37.75179 -122.39493 0 1211933019
37.7518 -122.39492 0 1211932959
37.7518 -122.39492 0 1211932893
37.75179 -122.39493 0 1211932837
37.75179 -122.39494 0 1211932772
37.75181 -122.39493 0 1211932712
37.75182 -122.39494 0 1211932652
37.75184 -122.39494 0 1211932595
37.75183 -122.39492 0 1211932532
37.75181 -122.39493 0 1211932479
37.75183 -122.39493 0 1211932415
37.75184 -122.39493 0 1211932350
37.75184 -122.39494 0 1211932295
37.75183 -122.39494 0 1211932230
37.75183 -122.39494 0 1211932170
37.75183 -122.39494 0 1211932110
37.75183 -122.39494 0 1211932050
37.75184 -122.39494 0 1211931995
37.75184 -122.39494 0 1211931930
37.75184 -122.39494 0 1211931884
37.75184 -122.39494 0 1211931837
37.75185 -122.39494 0 1211931763
37.75185 -122.39494 0 1211931702
37.75184 -122.39494 0 1211931642
37.75185 -122.39496 0 1211931582
37.75186 -122.39495 0 1211931532
37.75184 -122.39494 0 1211931462
37.75183 -122.39493 0 1211931347
37.75182 -122.39493 0 1211931292
37.75181 -122.39493 0 1211931221
37.75182 -122.39493 0 1211931170
37.75182 -122.39493 0 1211931040
37.75182 -122.39494 0 1211930980
37.75182 -122.39494 0 1211930918
37.75181 -122.39495 0 1211930859
37.75183 -122.39495 0 1211930799
37.75183 -122.39495 0 1211930746
37.75183 -122.39494 0 1211930678
37.75183 -122.39494 0 1211930623
37.75184 -122.39494 0 1211930569
37.75184 -122.39494 0 1211930509
37.75184 -122.39494 0 1211930456
37.75184 -122.39494 0 1211930398
37.75185 -122.39494 0 1211930334
37.75185 -122.39494 0 1211930280
37.75184 -122.39493 0 1211930224
37.75183 -122.39492 0 1211930148
37.75185 -122.39495 0 1211930089
37.75184 -122.39495 0 1211930026
37.75184 -122.39495 0 1211929966
37.75184 -122.39495 0 1211929920
37.75184 -122.39495 0 1211929816
37.75184 -122.39493 0 1211929707
37.75184 -122.39493 0 1211929634
37.75185 -122.39493 0 1211929578
37.75184 -122.39493 0 1211929527
37.75184 -122.39493 0 1211929454
37.75185 -122.39493 0 1211929398
37.75186 -122.39494 0 1211929344
37.75186 -122.39494 0 1211929274
37.75185 -122.39494 0 1211929219
37.75185 -122.39495 0 1211929153
37.75185 -122.39495 0 1211929098
37.75185 -122.39494 0 1211929037
37.75185 -122.39494 0 1211928973
37.75185 -122.39494 0 1211928927
37.75185 -122.39494 0 1211928861
37.75187 -122.39495 0 1211928802
37.75188 -122.39496 0 1211928682
37.75189 -122.39497 0 1211928612
37.75185 -122.39497 0 1211928552
37.75185 -122.39497 0 1211928494
37.75185 -122.39496 0 1211928432
37.75185 -122.39496 0 1211928378
37.75184 -122.39495 0 1211928316
37.75185 -122.39496 0 1211928257
37.75185 -122.39496 0 1211928196
37.75185 -122.39496 0 1211928145
37.75184 -122.39495 0 1211928074
37.75185 -122.39494 0 1211928022
37.75185 -122.39494 0 1211927960
37.75186 -122.39495 0 1211927883
37.75184 -122.39495 0 1211927815
37.75185 -122.39496 0 1211927698
37.75185 -122.39496 0 1211927638
37.75184 -122.39496 0 1211927568
37.75184 -122.39495 0 1211927460
37.75186 -122.39496 0 1211927327
37.75186 -122.39495 0 1211927277
37.75185 -122.39494 0 1211927207
37.75186 -122.39494 0 1211927147
37.75186 -122.39495 0 1211927087
37.75186 -122.39494 0 1211927051
37.75186 -122.39494 0 1211927003
37.75185 -122.39494 0 1211926936
37.75185 -122.39494 0 1211926871
37.75185 -122.39495 0 1211926751
37.75185 -122.39495 0 1211926702
37.75185 -122.39494 0 1211926578
37.75185 -122.39493 0 1211926509
37.75183 -122.39495 0 1211926328
37.75182 -122.39495 0 1211926268
37.75184 -122.39493 0 1211926088
37.75184 -122.39494 0 1211925978
37.75183 -122.39494 0 1211925912
37.75182 -122.39493 0 1211925847
37.75183 -122.39493 0 1211925786
37.75183 -122.39493 0 1211925767
37.75185 -122.39492 0 1211925711
37.75186 -122.3949 0 1211925640
37.75185 -122.39495 0 1211925523
37.75186 -122.39494 0 1211925475
37.75185 -122.39496 0 1211925400
37.75186 -122.39495 0 1211925354
37.75185 -122.39495 0 1211925219
37.75184 -122.39496 0 1211925164
37.75187 -122.39495 0 1211925123
37.75188 -122.39493 0 1211924976
37.75182 -122.39494 0 1211924805
37.75183 -122.39495 0 1211924735
37.75184 -122.39494 0 1211924675
37.75185 -122.39494 0 1211924626
37.75185 -122.39494 0 1211924561
37.75185 -122.39493 0 1211924435
37.75186 -122.39493 0 1211924380
37.75183 -122.39494 0 1211924316
37.75187 -122.39494 0 1211924261
37.75183 -122.39495 0 1211924195
37.75185 -122.39492 0 1211924144
37.75185 -122.39493 0 1211924079
37.75185 -122.39493 0 1211924019
37.75185 -122.39493 0 1211923959
37.75184 -122.39493 0 1211923904
37.75184 -122.39493 0 1211923834
37.75185 -122.39493 0 1211923774
37.75184 -122.39494 0 1211923603
37.75184 -122.39495 0 1211923539
37.75183 -122.39495 0 1211923483
37.75184 -122.39494 0 1211923427
37.75181 -122.39496 0 1211923352
37.75184 -122.39495 0 1211923303
37.75185 -122.39495 0 1211923271
37.75185 -122.39494 0 1211923207
37.75186 -122.39493 0 1211923027
37.75186 -122.39492 0 1211922907
37.75187 -122.39492 0 1211922851
37.75188 -122.39493 0 1211922796
37.75188 -122.39494 0 1211922727
37.75188 -122.39494 0 1211922667
37.75184 -122.39495 0 1211922611
37.75182 -122.39493 0 1211922541
37.75184 -122.39492 0 1211922486
37.75187 -122.39491 0 1211922421
37.75187 -122.39492 0 1211922398
37.75186 -122.39492 0 1211922344
37.75185 -122.39493 0 1211922088
37.75186 -122.39494 0 1211922028
37.75186 -122.39494 0 1211921976
37.75186 -122.39494 0 1211921908
37.75185 -122.39491 0 1211921819
37.75185 -122.39491 0 1211921764
37.75184 -122.39495 0 1211921720
37.75184 -122.39494 0 1211921660
37.75185 -122.39492 0 1211921606
37.75186 -122.39492 0 1211921550
37.75185 -122.39493 0 1211921493
37.75185 -122.39495 0 1211921419
37.75184 -122.39496 0 1211921378
37.75183 -122.39498 0 1211921249
37.75185 -122.39496 0 1211921180
37.75186 -122.39499 0 1211921120
37.75183 -122.39495 0 1211921072
37.75184 -122.39495 0 1211921006
37.75184 -122.39495 0 1211920945
37.75183 -122.39494 0 1211920889
37.75184 -122.39494 0 1211920834
37.75184 -122.39493 0 1211920764
37.75184 -122.39494 0 1211920703
37.75184 -122.39494 0 1211920657
37.75182 -122.39495 0 1211920336
37.7518 -122.39494 0 1211920247
37.75184 -122.39495 0 1211920071
37.75176 -122.39492 0 1211919938
37.75186 -122.39495 0 1211919891
37.75185 -122.39494 0 1211919827
37.75185 -122.39493 0 1211919648
37.75177 -122.39491 0 1211919527
37.75185 -122.39494 0 1211919337
37.75185 -122.39494 0 1211919286
37.75186 -122.39494 0 1211919220
37.75187 -122.39494 0 1211919161
37.75184 -122.39493 0 1211919041
37.75184 -122.39493 0 1211918976
37.75185 -122.39494 0 1211918858
37.75183 -122.39493 0 1211918741
37.75183 -122.39493 0 1211918676
37.75185 -122.39493 0 1211918630
37.75185 -122.39493 0 1211918556
37.75187 -122.39494 0 1211918385
37.75186 -122.39494 0 1211918324
37.75185 -122.39493 0 1211918250
37.7519 -122.39494 0 1211918134
37.75182 -122.39493 0 1211918089
37.75187 -122.39494 0 1211917844
37.75184 -122.39493 0 1211917792
37.75183 -122.39493 0 1211917719
37.7518 -122.39493 0 1211917663
37.75187 -122.39494 0 1211917547
37.75188 -122.39494 0 1211917499
37.75187 -122.39494 0 1211917430
37.75186 -122.39494 0 1211917238
37.75188 -122.39494 0 1211917127
37.75188 -122.39494 0 1211917076
37.75187 -122.39494 0 1211916937
37.75186 -122.39494 0 1211916877
37.75188 -122.39492 0 1211916763
37.75189 -122.39492 0 1211916701
37.75149 -122.39507 0 1211287633
37.75149 -122.39507 1 1211287621
37.75148 -122.39506 1 1211287606
37.75147 -122.3951 1 1211287531
37.75149 -122.39511 1 1211287475
37.7515 -122.3951 1 1211287410
37.75149 -122.39512 1 1211287355
37.75149 -122.39512 1 1211287295
37.7515 -122.39511 1 1211287231
37.75148 -122.39512 1 1211287179
37.75148 -122.39515 1 1211287109
37.75152 -122.39515 1 1211287067
37.75149 -122.39509 1 1211286972
37.75149 -122.39511 1 1211286912
37.75148 -122.39511 1 1211286848
37.7515 -122.39512 1 1211286767
37.75151 -122.39508 1 1211286706
37.75147 -122.39507 1 1211286556
37.75148 -122.39509 1 1211286293
37.75149 -122.39509 1 1211286241
37.75149 -122.39509 1 1211286211
37.7515 -122.39508 1 1211286179
37.7515 -122.39507 1 1211286119
37.75149 -122.39506 1 1211286059
37.75145 -122.39505 1 1211285981
37.75147 -122.39507 1 1211285920
37.75149 -122.39506 1 1211285876
37.75149 -122.39506 1 1211285829
37.75149 -122.39506 1 1211285784
37.7515 -122.39509 1 1211285717
37.75151 -122.39512 1 1211285657
37.75153 -122.39511 1 1211285575
37.75149 -122.3951 1 1211285525
37.75149 -122.39508 1 1211285396
37.75148 -122.39508 1 1211285329
37.75147 -122.3951 1 1211285273
37.75152 -122.39507 1 1211285208
37.75151 -122.39509 1 1211285147
37.7515 -122.39514 1 1211285086
37.75151 -122.39517 1 1211285026
37.75153 -122.39514 1 1211284966
37.75146 -122.39507 1 1211284912
37.75147 -122.39506 1 1211284856
37.75155 -122.39511 1 1211284796
37.75153 -122.3951 1 1211284783
37.75153 -122.3951 1 1211284563
37.75148 -122.39508 1 1211284084
37.75148 -122.39508 1 1211284060
37.7515 -122.39509 1 1211283632
37.7515 -122.39509 1 1211283617
37.75149 -122.39512 1 1211283562
37.75149 -122.39512 1 1211283535
37.7515 -122.395 1 1211283532
37.75154 -122.39502 1 1211283363
37.75147 -122.39507 1 1211283342
37.7515 -122.3951 1 1211283262
37.7515 -122.3951 1 1211283161
37.7515 -122.3951 1 1211282540
37.75153 -122.39511 1 1211282455
37.75152 -122.39512 1 1211282254
37.75152 -122.39512 1 1211282238
37.75152 -122.39512 1 1211280412
37.75153 -122.39512 1 1211280042
37.75149 -122.39511 1 1211279652
37.75149 -122.39511 1 1211279321
37.75149 -122.39511 1 1211279268
37.75151 -122.39511 1 1211279201
37.75151 -122.3951 1 1211279168
37.75151 -122.3951 1 1211279141
37.75152 -122.3951 1 1211279060
37.7515 -122.39511 1 1211279000
37.75152 -122.39508 1 1211278939
37.75151 -122.39508 1 1211278878
37.75147 -122.39514 1 1211278738
37.75147 -122.39514 1 1211278705
37.75149 -122.39511 1 1211278630
37.7515 -122.39511 1 1211278569
37.75149 -122.3951 1 1211278514
37.75147 -122.39512 1 1211278454
37.75148 -122.39509 1 1211278389
37.7515 -122.39508 1 1211278329
37.75151 -122.39512 1 1211278269
37.75151 -122.39511 1 1211278209
37.7515 -122.3951 1 1211278145
37.75153 -122.39511 1 1211278087
37.75155 -122.39507 1 1211278026
37.75152 -122.39509 1 1211277961
37.75152 -122.3951 1 1211277886
37.75151 -122.3951 1 1211277849
37.75151 -122.3951 1 1211277819
37.75151 -122.3951 1 1211277760
37.75152 -122.3951 1 1211277692
37.75152 -122.39512 1 1211277587
37.75151 -122.39513 1 1211277522
37.75151 -122.39513 1 1211277460
37.75151 -122.39517 1 1211277363
37.75151 -122.39517 1 1211277347
37.75153 -122.3951 1 1211277287
37.75154 -122.39509 1 1211277275
37.75154 -122.39509 1 1211277184
37.75154 -122.39509 1 1211277136
37.75153 -122.39508 1 1211276482
37.75153 -122.39508 1 1211276467
37.75153 -122.39507 1 1211276423
37.75151 -122.39504 1 1211276363
37.75151 -122.39511 1 1211276273
37.7515 -122.3951 1 1211276203
37.75151 -122.39509 1 1211276134
37.75153 -122.39509 1 1211276057
37.75153 -122.39508 1 1211275997
37.75152 -122.39507 1 1211275937
37.75152 -122.39506 1 1211275873
37.75151 -122.39507 1 1211275813
37.75151 -122.39507 1 1211275753
37.75152 -122.3951 1 1211275750
37.75152 -122.3951 1 1211275686
37.75151 -122.39511 1 1211275622
37.75152 -122.39511 1 1211275557
37.75152 -122.3951 1 1211275497
37.7515 -122.3951 1 1211275442
37.75151 -122.39506 1 1211275376
37.75151 -122.39505 1 1211275330
37.75151 -122.39505 1 1211275316
37.75153 -122.39508 1 1211275260
37.75153 -122.39509 1 1211275195
37.75153 -122.39504 1 1211275135
37.75152 -122.39502 1 1211275074
37.75153 -122.3951 1 1211275019
37.75153 -122.3951 1 1211274963
37.75152 -122.39508 1 1211274888
37.75152 -122.3951 1 1211274734
37.75153 -122.3951 1 1211274672
37.75153 -122.39518 1 1211274612
37.75152 -122.39512 1 1211274558
37.75151 -122.39515 1 1211274503
37.75152 -122.3951 1 1211274433
37.75153 -122.39504 1 1211274372
37.75152 -122.39505 1 1211274321
37.75152 -122.39503 1 1211274268
37.75152 -122.39503 1 1211274251
37.75153 -122.3951 1 1211274196
37.75154 -122.39506 1 1211274169
37.75154 -122.39506 1 1211274145
37.75151 -122.39512 1 1211273973
37.75152 -122.39514 1 1211273907
37.75153 -122.39509 1 1211273843
37.75154 -122.39511 1 1211273768
37.75153 -122.3951 1 1211273661
37.75152 -122.39503 1 1211273596
37.75152 -122.3951 1 1211273566
37.75152 -122.3951 1 1211273553
37.75153 -122.39512 1 1211273483
37.75152 -122.39513 1 1211273397
37.75152 -122.39513 1 1211273383
37.75153 -122.39514 1 1211273339
37.75153 -122.39514 1 1211273319
37.75152 -122.39504 1 1211273184
37.75152 -122.39508 1 1211273129
37.75152 -122.39508 1 1211273087
37.75155 -122.39511 1 1211272947
37.75154 -122.39513 1 1211272849
37.75154 -122.39513 1 1211272800
37.75154 -122.39513 1 1211272626
37.75152 -122.39508 1 1211272606
37.75156 -122.39514 1 1211272485
37.75154 -122.39512 1 1211272468
37.75154 -122.39512 1 1211272354
37.75157 -122.39515 1 1211272242
37.75152 -122.39504 1 1211272201
37.75153 -122.39508 1 1211272117
37.75155 -122.39512 1 1211272067
37.75152 -122.39505 1 1211271988
37.75155 -122.39508 1 1211271888
37.75158 -122.39508 1 1211271837
37.75158 -122.39508 1 1211271779
37.75156 -122.39507 1 1211271718
37.75155 -122.39507 1 1211271670
37.75154 -122.39509 1 1211271613
37.75154 -122.39509 1 1211271598
37.75154 -122.3951 1 1211271558
37.75154 -122.3951 1 1211271531
37.75153 -122.39508 1 1211271449
37.75156 -122.39512 1 1211271254
37.75147 -122.3951 1 1211271157
37.75153 -122.39509 1 1211271085
37.75153 -122.39509 1 1211271012
37.7515 -122.39508 1 1211270681
37.7515 -122.39508 1 1211270667
37.75155 -122.39509 1 1211270593
37.75155 -122.39509 1 1211270145
37.75155 -122.39509 1 1211270003
37.75153 -122.39505 1 1211269468
37.75153 -122.39505 1 1211269231
37.75152 -122.39509 1 1211269022
37.7515 -122.39505 1 1211268869
37.7515 -122.39505 1 1211268742
37.75152 -122.39509 1 1211268682
37.75151 -122.39508 1 1211268609
37.7515 -122.39508 1 1211268602
37.7515 -122.39508 1 1211268542
37.75151 -122.39506 1 1211268296
37.75151 -122.39505 1 1211268236
37.75149 -122.39509 1 1211267600
37.7515 -122.39507 1 1211267541
37.75149 -122.39508 1 1211267491
37.75153 -122.39504 1 1211267437
37.75153 -122.39504 1 1211267419
37.75151 -122.39503 1 1211267363
37.75151 -122.39508 1 1211267306
37.75145 -122.39511 1 1211267055
37.75145 -122.39508 1 1211266383
37.75145 -122.39508 1 1211266363
37.75151 -122.39507 1 1211266354
37.75151 -122.39507 1 1211266231
37.75144 -122.39509 1 1211266172
37.75147 -122.39509 1 1211266079
37.7515 -122.39507 1 1211266045
37.7515 -122.39507 1 1211266024
37.7515 -122.39509 1 1211265964
37.75147 -122.3951 1 1211265901
37.75146 -122.3951 1 1211265843
37.75146 -122.39509 1 1211265777
37.75147 -122.39508 1 1211265681
37.75149 -122.39509 1 1211265605
37.7515 -122.39506 1 1211265438
37.75148 -122.39509 1 1211265373
37.75151 -122.39508 1 1211265184
37.75146 -122.39515 1 1211265129
37.75147 -122.39513 1 1211265068
37.75148 -122.39512 1 1211265004
37.75151 -122.39511 1 1211264948
37.75152 -122.39509 1 1211264882
37.75152 -122.3951 1 1211264822
37.75152 -122.3951 1 1211264772
37.7515 -122.39512 1 1211264707
37.75149 -122.39511 1 1211264652
37.75151 -122.39505 1 1211264582
37.75149 -122.39508 1 1211264534
37.75149 -122.39507 1 1211264466
37.7515 -122.39506 1 1211264341
37.75149 -122.3951 1 1211264281
37.75149 -122.3951 1 1211264221
37.75148 -122.39512 1 1211264165
37.75149 -122.39512 1 1211264122
37.7515 -122.3951 1 1211264040
37.75147 -122.39513 1 1211263980
37.75152 -122.3951 1 1211263869
37.75151 -122.39507 1 1211263740
37.7515 -122.39508 1 1211263680
37.75156 -122.39505 1 1211263644
37.75156 -122.39505 1 1211263588
37.75151 -122.39507 1 1211263529
37.75155 -122.39506 1 1211263464
37.75152 -122.39509 1 1211263413
37.75159 -122.39503 1 1211263354
37.75155 -122.39503 1 1211263296
37.75158 -122.39505 1 1211263222
37.75156 -122.39504 1 1211263166
37.7515 -122.39509 1 1211263102
37.75154 -122.39508 1 1211263049
37.7515 -122.39511 1 1211262983
37.75148 -122.39512 1 1211262867
37.75148 -122.39513 1 1211262816
37.75148 -122.39513 1 1211262744
37.75154 -122.39505 1 1211262651
37.75152 -122.39507 1 1211262584
37.75154 -122.39509 1 1211262533
37.75145 -122.39509 1 1211262409
37.75146 -122.39506 1 1211262349
37.75154 -122.39511 1 1211262288
37.75154 -122.39509 1 1211262234
37.75149 -122.39509 1 1211262189
37.75153 -122.39511 1 1211262114
37.75154 -122.39509 1 1211262074
37.75147 -122.39505 1 1211261994
37.75163 -122.39508 1 1211261938
37.75154 -122.39509 1 1211261878
37.75153 -122.39511 1 1211261763
37.75154 -122.3951 1 1211261703
37.75155 -122.3951 1 1211261638
37.75156 -122.39512 1 1211261513
37.75153 -122.3951 1 1211261393
37.75158 -122.39511 1 1211261283
37.75153 -122.3951 1 1211261217
37.75152 -122.3951 1 1211261037
37.75151 -122.39509 1 1211260986
37.75155 -122.39508 1 1211260852
37.75148 -122.39509 1 1211260796
37.75158 -122.3951 1 1211260732
37.75145 -122.39512 1 1211260621
37.75155 -122.3951 1 1211260553
37.7515 -122.39509 1 1211260492
37.75152 -122.3951 1 1211260443
37.75153 -122.3951 1 1211260315
37.7516 -122.39508 1 1211260146
37.7516 -122.39508 1 1211260130
37.75155 -122.39508 1 1211259954
37.75157 -122.3951 1 1211259835
37.75148 -122.39512 1 1211259708
37.75153 -122.39509 1 1211259602
37.75152 -122.39509 1 1211259528
37.75152 -122.39508 1 1211259482
37.7515 -122.39509 1 1211259293
37.75153 -122.39511 1 1211259233
37.7515 -122.39512 1 1211259167
37.7515 -122.39512 1 1211259111
37.75147 -122.39513 1 1211259051
37.75147 -122.39512 1 1211258987
37.75151 -122.39511 1 1211258927
37.75152 -122.39509 1 1211258883
37.75152 -122.3951 1 1211258812
37.7515 -122.39511 1 1211258751
37.75152 -122.3951 1 1211258691
37.75151 -122.3951 1 1211258446
37.75152 -122.39509 1 1211258412
37.75152 -122.39509 1 1211258386
37.75154 -122.39507 1 1211258343
37.75148 -122.39513 1 1211258278
37.75148 -122.39512 1 1211258264
37.75149 -122.39511 1 1211258178
37.75149 -122.39511 1 1211258145
37.75149 -122.39511 1 1211258011
37.75149 -122.3951 1 1211257884
37.75149 -122.3951 1 1211257754
37.75149 -122.3951 1 1211257701
37.75146 -122.39513 1 1211257352
37.75146 -122.39513 1 1211257311
37.75146 -122.39513 1 1211257134
37.75146 -122.39513 1 1211257093
37.75151 -122.39508 1 1211257009
37.75151 -122.39508 1 1211256985
37.75151 -122.39508 1 1211256924
37.7515 -122.39508 1 1211256755
37.7515 -122.39508 1 1211256741
37.7515 -122.39508 1 1211256719
37.7515 -122.39512 1 1211256631
37.7515 -122.39512 1 1211256578
37.75151 -122.39508 1 1211256518
37.75151 -122.39508 1 1211256504
37.75151 -122.39508 1 1211256489
37.7515 -122.39507 1 1211256455
37.7515 -122.39507 1 1211256381
37.75149 -122.39509 1 1211256312
37.75149 -122.39509 1 1211256242
37.75149 -122.39509 1 1211256089
37.75149 -122.39509 1 1211256069
37.7515 -122.39509 1 1211255745
37.75148 -122.3951 1 1211255563
37.75148 -122.3951 1 1211255274
37.75148 -122.3951 1 1211255242
37.75151 -122.39509 0 1211255204
37.75151 -122.39509 0 1211255188
37.75152 -122.39508 1 1211255178
37.75114 -122.39502 1 1211255062
37.75121 -122.39496 1 1211255002
37.75119 -122.39495 1 1211254939
37.7513 -122.39492 1 1211254877
37.75078 -122.39342 1 1211254828
37.74965 -122.39751 1 1211254768
37.76586 -122.40528 1 1211254637
37.76947 -122.41532 1 1211254596
37.77017 -122.4201 1 1211254536
37.77009 -122.42228 1 1211254416
37.76837 -122.42219 1 1211254365
37.76655 -122.41962 1 1211254310
37.76543 -122.41753 1 1211254243
37.76208 -122.41655 1 1211254173
37.75741 -122.41442 1 1211254121
37.75761 -122.41109 1 1211254052
37.75633 -122.40856 1 1211254008
37.75636 -122.40857 0 1211253964
37.75636 -122.40857 0 1211253941
37.75649 -122.40856 0 1211253876
37.75779 -122.40688 0 1211253840
37.76405 -122.4054 0 1211253769
37.75419 -122.40285 0 1211253669
37.74994 -122.39533 0 1211253585
37.75117 -122.39526 0 1211253558
37.75121 -122.39529 0 1211253493
37.75121 -122.3953 0 1211253439
37.75121 -122.3953 0 1211253384
37.75122 -122.39531 0 1211253309
37.75122 -122.39531 0 1211253259
37.75123 -122.39531 0 1211253198
37.75125 -122.39532 0 1211253129
37.75137 -122.39505 0 1211253080
37.75136 -122.39505 0 1211253013
37.75135 -122.39505 0 1211252949
37.75134 -122.39504 0 1211252831
37.74881 -122.40662 0 1211240201
37.74825 -122.41067 0 1211240177
37.74821 -122.41508 0 1211240111
37.74909 -122.41818 0 1211240055
37.75175 -122.41846 0 1211240000
37.75371 -122.41862 0 1211239943
37.75711 -122.41896 0 1211239870
37.76016 -122.42149 0 1211239821
37.7622 -122.42175 0 1211239750
37.7622 -122.42175 1 1211239743
37.76353 -122.42184 1 1211239700
37.76751 -122.42218 1 1211239639
37.77047 -122.42249 1 1211239579
37.7718 -122.42262 1 1211239523
37.7742 -122.42252 1 1211239460
37.77493 -122.42309 1 1211239411
37.77471 -122.42522 1 1211239347
37.77413 -122.42962 1 1211239293
37.77326 -122.43647 1 1211239230
37.77355 -122.43757 1 1211239198
37.77376 -122.43756 1 1211239140
37.77411 -122.43766 1 1211239078
37.77452 -122.43773 1 1211239023
37.77535 -122.4379 1 1211238963
37.77684 -122.43822 1 1211238915
37.77869 -122.43862 1 1211238838
37.78235 -122.43938 1 1211238783
37.78402 -122.43974 0 1211238733
37.78493 -122.43984 0 1211238675
37.78494 -122.43983 1 1211238660
37.78776 -122.4404 1 1211238609
37.79024 -122.44091 1 1211238549
37.79191 -122.43938 1 1211238489
37.79326 -122.43645 1 1211238439
37.79703 -122.43721 1 1211238369
37.79986 -122.43776 1 1211238309
37.80073 -122.43747 1 1211238249
37.80074 -122.43742 0 1211238247
37.80071 -122.43619 0 1211238181
37.80069 -122.43623 1 1211238165
37.80057 -122.43093 1 1211238105
37.80114 -122.42671 1 1211238044
37.79614 -122.42519 1 1211237983
37.79046 -122.42403 1 1211237923
37.78947 -122.42239 1 1211237868
37.78956 -122.42147 1 1211237804
37.79054 -122.41335 1 1211237748
37.79114 -122.40529 1 1211237683
37.79194 -122.40195 1 1211237622
37.79222 -122.40206 1 1211237598
37.79337 -122.40226 0 1211237558
37.79403 -122.40125 0 1211237495
37.79408 -122.39963 0 1211237441
37.79419 -122.39943 1 1211237426
37.79457 -122.39826 1 1211237366
37.79292 -122.39589 1 1211237320
37.79044 -122.39319 1 1211237244
37.78789 -122.39385 1 1211237185
37.78481 -122.39767 1 1211237138
37.78184 -122.40157 1 1211237063
37.78053 -122.40311 1 1211237003
37.77714 -122.4073 1 1211236943
37.77618 -122.40707 0 1211236921
37.77568 -122.40627 0 1211236899
37.77747 -122.40392 0 1211236851
37.7794 -122.40242 0 1211236786
37.77925 -122.40484 0 1211236704
37.77756 -122.40679 0 1211236668
37.77346 -122.41199 0 1211236619
37.77261 -122.41308 0 1211236559
37.77104 -122.41493 0 1211236539
37.77067 -122.41518 1 1211236529
37.76855 -122.41589 1 1211236479
37.76815 -122.41591 1 1211236417
37.75946 -122.41474 1 1211236298
37.75427 -122.41422 1 1211236243
37.75236 -122.41613 1 1211236178
37.75195 -122.41835 1 1211236117
37.75195 -122.41835 0 1211236097
37.74897 -122.41811 0 1211236040
37.74827 -122.41555 0 1211235961
37.75129 -122.39364 0 1211028867
37.75129 -122.39363 0 1211028800
37.7513 -122.39362 0 1211028629
37.75133 -122.39364 0 1211028505
37.75132 -122.39363 0 1211028380
37.75132 -122.39363 0 1211028333
37.75131 -122.39362 0 1211028208
37.75131 -122.39366 0 1211028086
37.75131 -122.39367 0 1211028027
37.75131 -122.39363 0 1211027902
37.75132 -122.39363 0 1211027836
37.75133 -122.39364 0 1211027725
37.7513 -122.39363 0 1211027150
37.7513 -122.39362 0 1211027095
37.7513 -122.39362 0 1211027034
37.7513 -122.39363 0 1211026975
37.75129 -122.39363 0 1211026919
37.75129 -122.39363 0 1211026855
37.75129 -122.39363 0 1211026794
37.75128 -122.39364 0 1211026609
37.75128 -122.39364 0 1211026554
37.7513 -122.39362 0 1211026489
37.7513 -122.39362 0 1211026437
37.7513 -122.39363 0 1211026190
37.75131 -122.39363 0 1211026139
37.7513 -122.39365 0 1211025714
37.75133 -122.39366 0 1211025550
37.75135 -122.39362 0 1211025481
37.75132 -122.39365 0 1211025365
37.75132 -122.39364 0 1211025315
37.75131 -122.39363 0 1211025021
37.75131 -122.39363 0 1211025000
37.75133 -122.39363 0 1211024957
37.75133 -122.39363 0 1211024826
37.75131 -122.39363 0 1211024541
37.75132 -122.39363 0 1211024401
37.75133 -122.39362 0 1211024147
37.75134 -122.39363 0 1211024126
37.75133 -122.39364 0 1211023996
37.75133 -122.39367 0 1211023935
37.75132 -122.39367 0 1211023872
37.75132 -122.39368 0 1211023808
37.75133 -122.39368 0 1211023767
37.75132 -122.39367 0 1211023695
37.75132 -122.39366 0 1211023149
37.75131 -122.39365 0 1211022927
37.7513 -122.39366 0 1211022391
37.75132 -122.39365 0 1211022028
37.75132 -122.39365 0 1211021972
37.75131 -122.39365 0 1211021907
37.75132 -122.39365 0 1211021854
